061318011028	32715	26540	21158	21639
082918010321	33077	26366	22046	20774
102617010931	13410	26269	21570	21878
651081167785 24.45	97754.88	301.52
667769000000   23.87	97452.77	44.85	327.44
650000000000	   154	   356	 17239
710000000000	   294	  -533	  -375
770000000000	  2629	 -1641	 -3251
061318011028	32717	26540	21158	21642
082918010321	33076	26366	22054	20777
102617010931	13410	26269	21570	21880
651081167785 24.46	97764.52	300.69
667769   23.87	97449.67	44.88	327.70
65	   187	   467	 17099
71	   285	  -529	  -462
77	  2626	 -1629	 -3346
061318011028	32712	26544	21158	21644
082918010321	33076	26366	22046	20779
102617010931	13410	26269	21582	21883
651081167785 24.48	97758.35	301.22
667769   23.87	97452.77	44.86	327.44
65	   182	   402	 17172
71	   379	  -567	  -647
77	  2622	 -1648	 -3285
061318011028	32701	26532	21162	21647
082918010321	33077	26366	22054	20782
102617010931	13410	26269	21590	21886
651081167785 24.50	97759.13	301.15
667769   23.87	97451.81	44.83	327.52
65	   184	   438	 17279
71	   331	  -668	  -677
77	  2605	 -1629	 -3298
061318011028	32702	26540	21166	21650
082918010321	33077	26366	22062	20785
102617010931	13410	26269	21590	21889
651081167785 24.52	97759.86	301.09
667769   23.87	97449.52	44.86	327.72
65	   226	   464	 17163
71	   296	  -334	  -523
77	  2586	 -1631	 -3315
061318011028	32693	26536	21174	21653
082918010321	33078	26366	22066	20787
102617010931	13409	26269	21586	21891
651081167785 24.54	97763.82	300.75
667769   23.87	97440.08	44.85	328.53
65	   213	   423	 16999
71	   322	  -588	  -450
77	  2605	 -1619	 -3283
061318011028	32702	26532	21170	21655
082918010321	33079	26366	22074	20790
102617010931	13409	26269	21594	21894
651081167785 24.54	97766.21	300.55
667769   23.87	97448.17	44.83	327.83
65	    96	   420	 17059
71	   344	  -391	  -606
77	  2597	 -1651	 -3319
061318011028	32698	26532	21182	21658
082918010321	33079	26366	22066	20793
102617010931	13409	26269	21602	21897
651081167785 24.50	97762.20	300.89
667769   23.87	97453.56	44.83	327.37
65	   230	   438	 17331
71	   347	  -613	  -781
77	  2569	 -1659	 -3320
061318011028	32701	26536	21182	21661
082918010321	33078	26366	22070	20795
102617010931	13409	26269	21602	21900
651081167785 24.50	97763.74	300.76
667769   23.87	97450.87	44.80	327.60
65	   168	   422	 17332
71	   279	  -616	  -741
77	  2594	 -1649	 -3352
061318011028	32681	26536	21178	21664
082918010321	33078	26366	22062	20798
102617010931	13409	26269	21586	21903
651081167785 24.48	97758.42	301.21
667769   23.87	97455.46	44.75	327.21
65	   225	   427	 17005
71	   529	  -679	  -731
77	  2594	 -1651	 -3307
061318011028	32713	26540	21182	21666
082918010321	33078	26367	22070	20800
102617010931	13409	26270	21594	21905
651081167785 24.48	97765.04	300.65
667769   23.87	97451.81	44.75	327.52
65	   335	   501	 17043
71	   288	  -547	  -260
77	  2605	 -1625	 -3310
061318011028	32721	26536	21174	21669
082918010321	33078	26367	22062	20803
102617010931	13409	26270	21590	21908
651081167785 24.48	97760.57	301.03
667769   23.87	97454.52	44.79	327.29
65	   151	   429	 17079
71	   221	  -537	  -475
77	  2604	 -1636	 -3325
061318011028	32701	26544	21178	21672
082918010321	33078	26367	22066	20806
102617010931	13409	26270	21598	21911
651081167785 24.46	97765.72	300.59
667769   23.86	97454.66	44.78	327.28
65	   115	   315	 17221
71	   305	  -585	  -488
77	  2619	 -1652	 -3342
061318011028	32715	26540	21182	21674
082918010321	33078	26367	22074	20808
102617010931	13409	26270	21598	21914
651081167785 24.48	97767.45	300.44
667769   23.88	97452.98	44.79	327.42
65	   229	   475	 16964
71	   275	  -554	  -647
77	  2600	 -1666	 -3356
061318011028	32721	26548	21182	21677
082918010321	33078	26367	22074	20811
102617010931	13409	26270	21610	21916
651081167785 24.48	97764.04	300.73
667769   23.87	97451.81	44.83	327.52
65	   209	   673	 17195
71	   159	  -473	  -395
77	  2597	 -1647	 -3337
061318011028	32711	26540	21190	21680
082918010321	33078	26367	22066	20814
102617010931	13409	26270	21598	21919
651081167785 24.49	97758.94	301.17
667769   23.88	97447.04	44.83	327.93
65	   135	   453	 17079
71	   326	  -564	  -547
77	  2630	 -1659	 -3348
061318011028	32710	26552	21178	21683
082918010321	33077	26367	22078	20816
102617010931	13409	26270	21602	21922
651081167785 24.45	97763.23	300.80
667769   23.88	97461.08	44.82	326.72
65	   322	   458	 17043
71	   266	  -589	  -658
77	  2602	 -1648	 -3360
061318011028	32713	26544	21174	21685
082918010321	33076	26367	22078	20819
102617010931	13409	26270	21610	21925
651081167785 24.45	97755.45	301.47
667769   23.87	97451.81	44.81	327.52
65	   215	   509	 16923
71	   212	  -540	  -433
77	  2622	 -1665	 -3363
061318011028	32719	26548	21182	21688
082918010321	33076	26367	22082	20821
102617010931	13409	26270	21606	21927
651081167785 24.42	97759.20	301.15
667769   23.87	97456.81	44.82	327.09
65	   201	   379	 17236
71	   336	  -518	  -433
77	  2573	 -1679	 -3322
061318011028	32709	26544	21174	21691
082918010321	33075	26367	22086	20824
102617010931	13409	26270	21598	21930
651081167785 24.44	97764.45	300.70
667769   23.87	97452.36	44.81	327.47
65	   209	   431	 16979
71	    63	  -380	  -375
77	  2589	 -1695	 -3304
061318011028	32716	26540	21186	21694
082918010321	33075	26367	22082	20827
102617010931	13409	26270	21606	21933
651081167785 24.44	97763.33	300.79
667769   23.86	97451.97	44.81	327.51
65	   206	   414	 17172
71	   292	  -419	  -480
77	  2601	 -1664	 -3344
061318011028	32707	26548	21186	21696
082918010321	33074	26367	22074	20829
102617010931	13408	26270	21606	21936
651081167785 24.45	97761.03	300.99
667769   23.86	97451.97	44.82	327.51
65	   127	   287	 17275
71	   397	  -627	  -325
77	  2597	 -1670	 -3331
061318011028	32723	26540	21178	21699
082918010321	33074	26367	22086	20832
102617010931	13408	26270	21606	21939
651081167785 24.44	97768.09	300.38
667769   23.86	97457.36	44.81	327.04
65	   262	   430	 17189
71	   264	  -595	  -437
77	  2580	 -1637	 -3257
061318011028	32713	26548	21182	21702
082918010321	33073	26368	22082	20835
102617010931	13408	26270	21606	21941
651081167785 24.44	97763.52	300.78
667769   23.86	97450.62	44.80	327.62
65	   298	   420	 17148
71	   358	  -551	  -279
77	  2614	 -1667	 -3318
061318011028	32703	26540	21186	21705
082918010321	33072	26368	22070	20837
102617010931	13408	26270	21590	21944
651081167785 24.41	97756.57	301.37
667769   23.86	97450.22	44.84	327.66
65	   178	   434	 17148
71	   263	  -754	  -439
77	  2625	 -1680	 -3340
061318011028	32710	26532	21178	21707
082918010321	33072	26367	22066	20840
102617010931	13408	26270	21594	21947
651081167785 24.42	97762.30	300.88
667769   23.87	97452.36	44.84	327.47
65	   163	   395	 16956
71	   111	  -319	  -323
77	  2599	 -1623	 -3366
061318011028	32719	26536	21174	21710
082918010321	33071	26367	22058	20842
102617010931	13408	26270	21586	21950
651081167785 24.41	97749.29	301.99
667769   23.87	97448.32	44.84	327.82
65	   227	   513	 17027
71	   301	  -741	  -768
77	  2583	 -1667	 -3287
061318011028	32706	26536	21178	21713
082918010321	33070	26367	22066	20845
102617010931	13407	26270	21586	21952
651081167785 24.43	97769.58	300.26
667769   23.87	97451.41	44.83	327.55
65	   193	   358	 17326
71	   349	  -570	  -440
77	  2608	 -1645	 -3294
061318011028	32713	26544	21178	21715
082918010321	33071	26367	22066	20848
102617010931	13407	26270	21586	21955
651081167785 24.44	97764.28	300.71
667769   23.86	97454.66	44.83	327.28
65	   145	   425	 17212
71	   399	  -516	  -608
77	  2592	 -1652	 -3340
061318011028	32729	26532	21170	21718
082918010321	33071	26367	22066	20850
102617010931	13407	26270	21586	21958
651081167785 24.46	97758.27	301.23
667769   23.87	97457.61	44.79	327.02
65	   244	   374	 17024
71	   271	  -541	  -314
77	  2644	 -1660	 -3348
061318011028	32704	26536	21178	21721
082918010321	33072	26367	22070	20853
102617010931	13407	26270	21586	21961
651081167785 24.46	97759.05	301.16
667769   23.87	97453.56	44.82	327.37
65	   229	   419	 17171
71	   293	  -318	  -529
77	  2607	 -1603	 -3322
061318011028	32713	26536	21186	21724
082918010321	33071	26367	22074	20855
102617010931	13407	26269	21594	21963
651081167785 24.45	97758.57	301.20
667769   23.87	97448.57	44.86	327.80
65	   162	   368	 16963
71	   319	  -315	  -360
77	  2601	 -1706	 -3324
061318011028	32698	26536	21178	21726
082918010321	33071	26367	22074	20858
102617010931	13407	26269	21586	21966
651081167785 24.43	97762.84	300.83
667769   23.87	97451.81	44.86	327.52
65	   213	   423	 17044
71	   320	  -560	   -96
77	  2578	 -1663	 -3372
061318011028	32730	26544	21190	21729
082918010321	33069	26367	22074	20861
102617010931	13407	26269	21586	21969
651081167785 24.41	97764.38	300.70
667769   23.87	97448.17	44.85	327.83
65	   122	   396	 16995
71	   268	  -288	  -386
77	  2610	 -1686	 -3315
061318011028	32714	26544	21182	21732
082918010321	33068	26367	22070	20863
102617010931	13407	26269	21586	21972
651081167785 24.41	97764.89	300.66
667769   23.87	97452.22	44.84	327.49
65	   214	   483	 17047
71	   257	  -572	  -444
77	  2568	 -1667	 -3335
061318011028	32705	26536	21174	21735
082918010321	33067	26367	22070	20866
102617010931	13407	26269	21574	21975
651081167785 24.42	97762.41	300.87
667769   23.88	97456.66	44.83	327.10
65	   186	   459	 16956
71	   193	  -439	  -275
77	  2577	 -1645	 -3324
061318011028	32718	26528	21174	21737
082918010321	33067	26366	22074	20869
102617010931	13407	26268	21582	21977
651081167785 24.43	97760.62	301.02
667769   23.88	97451.64	44.81	327.54
65	   217	   453	 17424
71	   353	  -688	  -604
77	  2591	 -1714	 -3267
061318011028	32716	26528	21178	21740
082918010321	33069	26366	22066	20871
102617010931	13407	26268	21590	21980
651081167785 24.45	97769.16	300.29
667769   23.88	97453.38	44.79	327.39
65	   -60	   366	 17310
71	   266	  -479	  -377
77	  2594	 -1693	 -3281
061318011028	32719	26528	21182	21743
082918010321	33070	26366	22070	20874
102617010931	13406	26268	21590	21983
651081167785 24.44	97770.27	300.20
667769   23.88	97453.78	44.78	327.35
65	   197	   421	 16935
71	     8	  -550	  -386
77	  2588	 -1655	 -3324
061318011028	32721	26528	21178	21746
082918010321	33068	26366	22070	20876
102617010931	13406	26268	21590	21986
651081167785 24.44	97768.16	300.38
667769   23.88	97452.44	44.77	327.47
65	   187	   409	 17172
71	   238	  -513	  -594
77	  2604	 -1667	 -3328
061318011028	32712	26532	21182	21748
082918010321	33069	26366	22078	20879
102617010931	13406	26267	21602	21988
651081167785 24.45	97763.94	300.74
667769   23.88	97455.13	44.75	327.24
65	   216	   406	 17004
71	   178	  -459	  -482
77	  2596	 -1664	 -3269
061318011028	32707	26528	21182	21751
082918010321	33069	26366	22082	20882
102617010931	13406	26267	21598	21991
651081167785 24.44	97770.34	300.19
667769   23.89	97458.23	44.75	326.97
65	   173	   395	 17038
71	   268	  -567	  -620
77	  2589	 -1683	 -3322
061318011028	32718	26524	21186	21754
082918010321	33069	26365	22082	20884
102617010931	13406	26267	21594	21994
651081167785 24.45	97771.58	300.09
667769   23.89	97449.59	44.74	327.48
65	   182	   404	 17008
71	    82	  -375	  -177
77	  2564	 -1663	 -3299
061318011028	32726	26528	21186	21756
082918010321	33069	26365	22074	20887
102617010931	13405	26267	21594	21997
651081167785 24.45	97767.73	300.42
667769   23.89	97458.63	44.75	326.94
65	   195	   343	 17156
71	   369	  -575	  -575
77	  2572	 -1670	 -3355
061318011028	32704	26520	21182	21759
082918010321	33069	26365	22078	20890
102617010931	13405	26266	21598	21999
651081167785 24.48	97765.45	300.61
667769   23.89	97453.23	44.75	327.40
65	   253	   451	 17068
71	   220	  -500	  -773
77	  2566	 -1691	 -3367
061318011028	32708	26524	21186	21762
082918010321	33069	26365	22078	20892
102617010931	13405	26266	21598	22002
651081167785 24.49	97765.48	300.61
667769   23.89	97452.28	44.75	327.48
65	   146	   476	 17367
71	   341	  -582	  -630
77	  2590	 -1668	 -3349
061318011028	32716	26524	21182	21765
082918010321	33069	26365	22078	20895
102617010931	13405	26266	21598	22005
651081167785 24.49	97761.33	300.96
667769   23.89	97452.28	44.74	327.48
65	   174	   428	 16967
71	   223	  -526	  -544
77	  2578	 -1644	 -3363
061318011028	32709	26528	21190	21767
082918010321	33070	26365	22082	20897
102617010931	13405	26266	21606	22008
651081167785 24.48	97762.35	300.88
667769   23.90	97453.48	44.73	327.38
65	   240	   428	 16989
71	   309	  -502	  -331
77	  2611	 -1640	 -3370
061318011028	32721	26528	21194	21770
082918010321	33069	26364	22082	20900
102617010931	13405	26266	21610	22011
651081167785 24.45	97759.72	301.10
667769   23.89	97452.84	44.74	327.43
65	   238	   680	 17068
71	   499	  -677	  -536
77	  2598	 -1628	 -3360
061318011028	32712	26528	21186	21773
082918010321	33068	26364	22098	20903
102617010931	13405	26266	21610	22013
651081167785 24.45	97760.94	301.00
667769   23.89	97448.24	44.74	327.83
65	   185	   439	 17004
71	   467	  -516	  -633
77	  2645	 -1639	 -3290
061318011028	32720	26528	21190	21776
082918010321	33067	26364	22094	20905
102617010931	13405	26265	21622	22016
651081167785 24.45	97765.19	300.63
667769   23.89	97453.64	44.75	327.36
65	   253	   453	 17131
71	   374	  -542	  -431
77	  2586	 -1644	 -3389
061318011028	32701	26528	21194	21778
082918010321	33068	26364	22094	20908
102617010931	13405	26265	21630	22019
651081167785 24.45	97759.30	301.14
667769   23.90	97455.78	44.71	327.18
65	   102	   428	 17244
71	   283	  -496	  -631
77	  2596	 -1628	 -3337
061318011028	32708	26528	21190	21781
082918010321	33067	26364	22090	20911
102617010931	13405	26265	21622	22022
651081167785 24.44	97763.06	300.82
667769   23.90	97451.73	44.67	327.53
65	    83	   405	 17075
71	   189	  -495	  -605
77	  2595	 -1669	 -3356
061318011028	32727	26528	21190	21784
082918010321	33066	26364	22098	20913
102617010931	13405	26265	21630	22024
651081167785 24.45	97765.41	300.61
667769   23.89	97449.59	44.64	327.45
65	   267	   497	 17216
71	   265	  -470	  -389
77	  2603	 -1654	 -3344
061318011028	32723	26528	21198	21787
082918010321	33066	26363	22098	20916
102617010931	13405	26265	21634	22027
651081167785 24.46	97754.20	301.57
667769   23.90	97459.68	44.64	326.84
65	   201	   447	 17115
71	   305	  -547	  -584
77	  2553	 -1665	 -3278
061318011028	32705	26524	21198	21789
082918010321	33067	26363	22106	20918
102617010931	13405	26265	21634	22030
651081167785 24.47	97759.84	301.09
667769   23.90	97450.79	44.62	327.61
65	   203	   280	 16953
71	   165	  -416	  -464
77	  2585	 -1618	 -3318
061318011028	32710	26532	21194	21792
082918010321	33067	26363	22098	20921
102617010931	13405	26265	21630	22033
651081167785 24.47	97759.05	301.16
667769   23.90	97454.83	44.64	327.26
65	   220	   398	 17116
71	   299	  -535	  -495
77	  2573	 -1648	 -3334
061318011028	32719	26528	21198	21795
082918010321	33067	26363	22098	20924
102617010931	13405	26265	21622	22035
651081167785 24.49	97763.52	300.78
667769   23.90	97457.13	44.70	327.06
65	   234	   514	 17077
71	   266	  -507	  -664
77	  2569	 -1693	 -3305
061318011028	32722	26528	21198	21797
082918010321	33068	26363	22098	20926
102617010931	13405	26265	21622	22038
651081167785 24.47	97759.74	301.10
667769   23.90	97455.63	44.73	327.19
65	   458	   422	 17067
71	   381	  -625	  -560
77	  2600	 -1674	 -3335
061318011028	32713	26528	21194	21800
082918010321	33069	26363	22094	20929
102617010931	13406	26265	21630	22041
651081167785 24.50	97760.40	301.04
667769   23.91	97460.48	44.73	326.78
65	   171	   483	 17097
71	   209	  -760	  -540
77	  2611	 -1672	 -3311
061318011028	32711	26532	21202	21803
082918010321	33070	26363	22098	20932
102617010931	13406	26265	21630	22044
651081167785 24.47	97764.48	300.69
667769   23.90	97453.89	44.73	327.34
65	   249	   473	 17043
71	   217	  -414	  -711
77	  2563	 -1643	 -3329
061318011028	32694	26536	21202	21806
082918010321	33070	26363	22102	20934
102617010931	13406	26266	21622	22047
651081167785 24.48	97768.55	300.34
667769   23.90	97453.89	44.72	327.34
65	   112	   524	 17085
71	   233	  -475	  -380
77	  2553	 -1631	 -3299
061318011028	32718	26528	21194	21808
082918010321	33070	26363	22090	20937
102617010931	13406	26266	21618	22049
651081167785 24.47	97764.48	300.69
667769   23.90	97456.98	44.71	327.08
65	   234	   496	 17147
71	   399	  -567	  -483
77	  2531	 -1659	 -3342
061318011028	32718	26532	21210	21811
082918010321	33070	26363	22082	20939
102617010931	13406	26266	21610	22052
651081167785 24.44	97766.45	300.52
667769   23.90	97452.94	44.74	327.42
65	   279	   399	 16953
71	   459	  -621	  -386
77	  2573	 -1678	 -3289
061318011028	32720	26536	21198	21814
082918010321	33068	26363	22086	20942
102617010931	13406	26266	21606	22055
651081167785 24.44	97761.89	300.92
667769   23.90	97454.28	44.74	327.31
65	   246	   515	 17007
71	   321	  -549	  -623
77	  2561	 -1656	 -3342
061318011028	32718	26528	21194	21817
082918010321	33068	26363	22098	20945
102617010931	13406	26266	21610	22058
651081167785 24.43	97774.70	299.82
667769   23.90	97456.19	44.71	327.14
65	   196	   432	 17106
71	   353	  -290	  -575
77	  2551	 -1660	 -3273
061318011028	32712	26540	21194	21819
082918010321	33068	26363	22090	20947
102617010931	13406	26267	21614	22060
651081167785 24.43	97762.13	300.89
667769   23.90	97454.83	44.69	327.26
65	   177	   426	 17172
71	   105	  -390	  -351
77	  2573	 -1651	 -3391
061318011028	32716	26536	21198	21822
082918010321	33068	26363	22086	20950
102617010931	13406	26267	21598	22063
651081167785 24.40	97767.60	300.43
667769   23.90	97450.79	44.68	327.61
65	   184	   432	 17132
71	   285	  -500	  -518
77	  2569	 -1647	 -3384
061318011028	32709	26528	21190	21825
082918010321	33067	26363	22086	20953
102617010931	13406	26267	21586	22066
651081167785 24.39	97763.72	300.76
667769   23.90	97454.83	44.64	327.26
65	   225	   402	 17032
71	   392	  -607	  -510
77	  2583	 -1648	 -3341
061318011028	32717	26528	21194	21828
082918010321	33067	26363	22078	20955
102617010931	13406	26267	21594	22069
651081167785 24.40	97766.34	300.53
667769   23.90	97453.09	44.65	327.41
65	   152	   430	 16876
71	    71	  -470	  -330
77	  2593	 -1671	 -3321
061318011028	32716	26528	21182	21830
082918010321	33067	26363	22074	20958
102617010931	13406	26267	21582	22071
651081167785 24.40	97767.12	300.47
667769   23.90	97456.19	44.66	327.14
65	   459	   475	 16983
71	   401	  -669	  -524
77	  2564	 -1664	 -3306
061318011028	32720	26528	21194	21833
082918010321	33067	26363	22066	20960
102617010931	13406	26267	21586	22074
651081167785 24.42	97761.91	300.91
667769   23.90	97458.33	44.65	326.96
65	   237	   530	 16934
71	   233	  -513	  -432
77	  2606	 -1657	 -3326
061318011028	32740	26532	21182	21836
082918010321	33068	26363	22058	20963
102617010931	13406	26268	21582	22077
651081167785 24.39	97765.65	300.59
667769   23.90	97455.23	44.67	327.23
65	   201	   433	 17196
71	    82	  -484	  -552
77	  2596	 -1669	 -3364
061318011028	32712	26528	21182	21838
082918010321	33067	26363	22058	20966
102617010931	13406	26268	21566	22080
651081167785 24.39	97767.02	300.48
667769   23.90	97453.48	44.70	327.38
65	   171	   377	 17100
71	   330	  -529	  -459
77	  2581	 -1676	 -3348
061318011028	32703	26532	21178	21842
082918010321	33067	26363	22050	20969
102617010931	13406	26268	21562	22083
651081167785 24.41	97761.70	300.93
667769   23.89	97454.03	44.68	327.33
65	   209	   449	 17031
71	   389	  -603	  -519
77	  2568	 -1674	 -3359
061318011028	32711	26540	21182	21846
082918010321	33068	26363	22058	20973
102617010931	13406	26268	21562	22087
651081167785 24.43	97770.55	300.17
667769   23.89	97455.38	44.65	327.21
65	   175	   401	 17403
71	   261	  -480	  -376
77	  2599	 -1651	 -3304
061318011028	32706	26528	21170	21849
082918010321	33069	26363	22046	20976
102617010931	13406	26268	21562	22091
651081167785 24.41	97768.36	300.36
667769   23.89	97454.19	44.65	327.32
65	   194	   442	 17341
71	   194	  -513	  -491
77	  2575	 -1691	 -3320
061318011028	32707	26536	21174	21853
082918010321	33069	26363	22042	20979
102617010931	13405	26268	21554	22094
651081167785 24.40	97764.55	300.69
667769   23.88	97454.73	44.63	327.27
65	   425	   422	 16996
71	   182	  -457	  -353
77	  2552	 -1626	 -3325
061318011028	32703	26544	21166	21856
082918010321	33069	26363	22046	20983
102617010931	13405	26268	21546	22098
651081167785 24.39	97769.83	300.24
667769   23.88	97457.03	44.66	327.07
65	   474	   374	 17020
71	   264	  -535	  -378
77	  2563	 -1654	 -3342
061318011028	32696	26536	21170	21860
082918010321	33068	26363	22046	20986
102617010931	13405	26268	21542	22102
651081167785 24.40	97765.06	300.64
667769   23.87	97447.77	44.67	327.87
65	    23	   391	 17075
71	   217	  -444	  -215
77	  2582	 -1620	 -3332
061318011028	32706	26536	21162	21864
082918010321	33067	26362	22034	20990
102617010931	13405	26268	21542	22105
651081167785 24.39	97768.04	300.39
667769   23.87	97457.61	44.70	327.02
65	   219	   455	 16908
71	   265	  -484	  -439
77	  2591	 -1676	 -3308
061318011028	32697	26540	21162	21867
082918010321	33066	26362	22030	20993
102617010931	13405	26268	21522	22109
651081167785 24.37	97766.77	300.50
667769   23.87	97454.52	44.75	327.29
65	   201	   453	 17388
71	   326	  -541	  -596
77	  2604	 -1653	 -3311
