82918010321	35018	27090	19546	1562
82918010321	35017	27090	19558	1565
82918010321	35015	27090	19554	1569
82918010321	35011	27089	19542	1572
82918010321	35008	27089	19534	1576
82918010321	35009	27088	19526	1580
82918010321	35007	27088	19526	1583
82918010321	35005	27087	19514	1587
82918010321	35003	27087	19514	1590
82918010321	35000	27087	19510	1593
82918010321	34998	27087	19510	1597
82918010321	34995	27087	19514	1601
82918010321	34994	27087	19522	1605
82918010321	34991	27087	19526	1608
82918010321	34989	27087	19530	1611
82918010321	34986	27087	19534	1615
82918010321	34986	27087	19630	1618
82918010321	34984	27087	19690	1622
82918010321	34984	27086	19714	1626
82918010321	34982	27086	19702	1629
82918010321	34980	27086	19678	1633
82918010321	34976	27086	19658	1636
82918010321	34973	27086	19638	1640
82918010321	34970	27086	19614	1644
82918010321	34969	27086	19598	1647
82918010321	34966	27086	19574	1651
82918010321	34963	27087	19554	1654
82918010321	34961	27087	19546	1658
82918010321	34959	27087	19526	1661
82918010321	34958	27088	19526	1665
82918010321	34956	27088	19506	1669
82918010321	34953	27088	19498	1672
82918010321	34951	27089	19486	1676
82918010321	34949	27089	19486	1679
82918010321	34948	27089	19482	1683
82918010321	34945	27090	19466	1687
82918010321	34941	27090	19466	1690
82918010321	34939	27091	19450	1694
82918010321	34936	27091	19438	1697
82918010321	34934	27092	19446	1701
82918010321	34932	27092	19454	1704
82918010321	34931	27092	19454	1708
82918010321	34928	27093	19454	1712
82918010321	34927	27093	19466	1715
82918010321	34924	27093	19462	1719
82918010321	34921	27093	19454	1722
82918010321	34918	27094	19450	1726
82918010321	34915	27094	19430	1730
82918010321	34913	27095	19422	1733
82918010321	34911	27095	19418	1737
82918010321	34909	27095	19418	1740
82918010321	34906	27096	19418	1744
82918010321	34904	27096	19418	1747
82918010321	34903	27097	19414	1750
82918010321	34901	27097	19422	1755
82918010321	34898	27097	19422	1758
82918010321	34895	27097	19410	1762
82918010321	34893	27097	19422	1765
82918010321	34891	27098	19418	1768
82918010321	34889	27098	19410	1772
82918010321	34887	27098	19410	1775
82918010321	34885	27099	19398	1780
82918010321	34883	27099	19402	1783
82918010321	34880	27099	19406	1786
82918010321	34878	27100	19410	1790
82918010321	34876	27100	19422	1793
82918010321	34873	27100	19410	1798
82918010321	34871	27100	19410	1801
82918010321	34869	27101	19410	1804
82918010321	34866	27101	19406	1808
82918010321	34863	27101	19406	1811
82918010321	34862	27101	19410	1815
82918010321	34860	27101	19406	1818
82918010321	34857	27102	19410	1823
82918010321	34854	27102	19422	1826
82918010321	34853	27102	19426	1829
82918010321	34852	27102	19422	1833
82918010321	34850	27103	19422	1836
82918010321	34848	27103	19430	1841
82918010321	34846	27103	19422	1844
82918010321	34843	27103	19418	1847
82918010321	34841	27103	19394	1851
82918010321	34837	27104	19406	1854
82918010321	34835	27104	19398	1858
82918010321	34831	27104	19390	1861
82918010321	34826	27105	19382	1865
82918010321	34825	27105	19382	1869
82918010321	34822	27105	19378	1872
82918010321	34819	27105	19378	1876
82918010321	34816	27106	19378	1879
82918010321	34814	27106	19386	1883
82918010321	34813	27106	19378	1887
82918010321	34813	27106	19382	1890
82918010321	34813	27106	19398	1894
82918010321	34811	27106	19398	1897
82918010321	34809	27106	19402	1900
82918010321	34808	27106	19398	1903
82918010321	34807	27106	19410	1906
82918010321	34805	27106	19418	1909
82918010321	34804	27106	19410	1912
82918010321	34802	27106	19422	1915
82918010321	34799	27106	19422	1917
82918010321	34797	27106	19418	1920
82918010321	34795	27107	19410	1923
82918010321	34793	27107	19406	1926
82918010321	34791	27107	19402	1929
82918010321	34790	27107	19394	1932
82918010321	34789	27107	19398	1935
82918010321	34787	27107	19398	1937
82918010321	34783	27107	19390	1940
82918010321	34779	27107	19378	1943
82918010321	34778	27107	19366	1946
82918010321	34776	27107	19378	1949
82918010321	34775	27107	19370	1951
82918010321	34773	27107	19382	1954
82918010321	34772	27107	19390	1957
82918010321	34770	27107	19382	1960
82918010321	34768	27107	19390	1963
82918010321	34766	27107	19390	1965
82918010321	34766	27107	19382	1968
82918010321	34764	27107	19378	1971
82918010321	34763	27107	19378	1974
82918010321	34761	27107	19382	1977
82918010321	34760	27107	19374	1979
82918010321	34759	27108	19370	1982
82918010321	34758	27108	19366	1985
82918010321	34757	27108	19366	1988
82918010321	34756	27108	19378	1991
82918010321	34756	27108	19366	1994
82918010321	34754	27108	19370	1997
82918010321	34752	27108	19370	1999
82918010321	34751	27108	19366	2002
82918010321	34750	27108	19370	2005
82918010321	34748	27108	19358	2008
82918010321	34746	27108	19358	2010
82918010321	34744	27108	19358	2013
82918010321	34743	27108	19350	2016
82918010321	34741	27108	19358	2019
82918010321	34738	27108	19354	2022
82918010321	34736	27108	19354	2024
82918010321	34735	27108	19346	2027
82918010321	34734	27108	19354	2030
82918010321	34732	27108	19362	2033
82918010321	34730	27108	19354	2036
82918010321	34729	27108	19354	2038
82918010321	34728	27108	19350	2041
82918010321	34727	27108	19354	2044
82918010321	34725	27108	19358	2047
82918010321	34724	27108	19366	2050
82918010321	34722	27109	19378	2053
82918010321	34721	27109	19366	2056
82918010321	34720	27109	19370	2058
82918010321	34717	27109	19370	2061
82918010321	34715	27109	19366	2064
82918010321	34714	27109	19366	2067
82918010321	34714	27109	19366	2070
82918010321	34713	27110	19358	2072
82918010321	34710	27110	19354	2075
82918010321	34708	27110	19354	2078
82918010321	34707	27110	19362	2081
82918010321	34706	27110	19358	2084
82918010321	34704	27110	19362	2086
82918010321	34703	27110	19354	2089
82918010321	34702	27111	19354	2092
82918010321	34700	27111	19362	2095
82918010321	34700	27111	19354	2098
82918010321	34698	27111	19354	2100
82918010321	34696	27111	19346	2103
82918010321	34696	27111	19350	2105
82918010321	34694	27111	19346	2109
82918010321	34693	27111	19350	2112
82918010321	34692	27111	19354	2114
82918010321	34692	27111	19366	2117
82918010321	34692	27110	19370	2119
82918010321	34691	27110	19366	2123
82918010321	34691	27110	19366	2126
82918010321	34689	27110	19354	2129
82918010321	34688	27110	19358	2132
82918010321	34686	27110	19354	2134
82918010321	34685	27110	19358	2137
82918010321	34684	27110	19370	2139
82918010321	34682	27109	19370	2143
82918010321	34679	27109	19378	2146
82918010321	34677	27109	19378	2148
82918010321	34675	27109	19382	2151
82918010321	34672	27109	19378	2153
82918010321	34671	27109	19370	2157
82918010321	34670	27109	19370	2159
82918010321	34670	27109	19370	2162
82918010321	34667	27109	19370	2165
82918010321	34666	27109	19366	2167
82918010321	34664	27109	19366	2171
82918010321	34664	27109	19358	2173
82918010321	34662	27109	19354	2176
82918010321	34661	27109	19358	2179
82918010321	34662	27109	19358	2181
82918010321	34661	27109	19366	2185
82918010321	34659	27109	19358	2187
82918010321	34657	27109	19358	2191
82918010321	34655	27109	19354	2193
82918010321	34654	27109	19362	2196
82918010321	34653	27108	19354	2199
82918010321	34653	27108	19358	2201
82918010321	34652	27108	19342	2205
82918010321	34651	27108	19342	2207
82918010321	34650	27108	19342	2210
82918010321	34648	27108	19338	2213
82918010321	34646	27108	19326	2215
82918010321	34644	27108	19326	2219
82918010321	34643	27108	19326	2221
82918010321	34642	27108	19330	2224
82918010321	34641	27108	19330	2227
82918010321	34639	27108	19334	2229
82918010321	34637	27108	19318	2233
82918010321	34636	27107	19330	2235
82918010321	34636	27107	19326	2238
82918010321	34635	27107	19322	2241
82918010321	34634	27107	19322	2243
82918010321	34633	27107	19326	2247
82918010321	34631	27107	19326	2249
82918010321	34630	27107	19330	2253
82918010321	34628	27107	19342	2255
82918010321	34627	27107	19342	2258
82918010321	34626	27107	19346	2261
82918010321	34625	27107	19354	2263
82918010321	34625	27107	19362	2267
82918010321	34624	27106	19370	2269
82918010321	34623	27106	19366	2272
82918010321	34622	27106	19366	2275
82918010321	34621	27106	19374	2277
82918010321	34620	27106	19366	2281
82918010321	34622	27106	19378	2283
82918010321	34621	27106	19382	2286
82918010321	34620	27105	19382	2288
82918010321	34619	27105	19386	2291
82918010321	34617	27105	19390	2295
82918010321	34617	27105	19394	2297
82918010321	34616	27105	19394	2300
82918010321	34615	27105	19398	2302
82918010321	34614	27105	19398	2305
82918010321	34612	27104	19398	2308
82918010321	34611	27104	19398	2311
82918010321	34611	27104	19394	2315
82918010321	34609	27104	19390	2317
82918010321	34607	27104	19382	2320
82918010321	34607	27104	19382	2322
82918010321	34607	27103	19378	2325
82918010321	34603	27103	19370	2329
82918010321	34601	27103	19362	2331
82918010321	34600	27103	19358	2334
82918010321	34600	27103	19362	2336
82918010321	34599	27103	19358	2339
82918010321	34597	27103	19358	2342
82918010321	34595	27103	19358	2345
82918010321	34593	27103	19350	2348
82918010321	34592	27103	19354	2350
82918010321	34592	27103	19358	2353
82918010321	34591	27102	19370	2356
82918010321	34590	27102	19370	2359
82918010321	34588	27102	19378	2362
82918010321	34587	27102	19378	2364
82918010321	34587	27102	19378	2367
82918010321	34586	27102	19382	2370
82918010321	34586	27102	19370	2373
82918010321	34585	27102	19378	2376
82918010321	34584	27101	19378	2379
82918010321	34583	27101	19374	2382
82918010321	34581	27101	19382	2385
82918010321	34580	27101	19366	2388
82918010321	34578	27101	19370	2391
82918010321	34579	27101	19366	2394
82918010321	34578	27101	19362	2397
82918010321	34577	27101	19366	2400
82918010321	34576	27100	19362	2403
82918010321	34577	27100	19354	2406
82918010321	34577	27100	19362	2409
82918010321	34576	27100	19358	2411
82918010321	34577	27099	19354	2414
82918010321	34575	27099	19374	2417
82918010321	34573	27099	19374	2420
82918010321	34572	27099	19374	2423
82918010321	34571	27099	19378	2426
82918010321	34571	27098	19374	2429
82918010321	34569	27098	19370	2432
82918010321	34568	27098	19370	2435
82918010321	34567	27098	19370	2438
82918010321	34565	27098	19370	2441
82918010321	34563	27098	19366	2444
82918010321	34562	27098	19366	2447
82918010321	34561	27097	19366	2450
82918010321	34560	27097	19358	2453
82918010321	34559	27097	19366	2455
82918010321	34558	27097	19366	2459
82918010321	34558	27097	19358	2462
82918010321	34557	27096	19378	2465
82918010321	34557	27096	19366	2468
82918010321	34557	27096	19366	2471
82918010321	34557	27096	19366	2474
82918010321	34557	27095	19370	2477
82918010321	34557	27095	19378	2480
82918010321	34556	27095	19390	2483
82918010321	34556	27095	19398	2486
82918010321	34555	27095	19402	2488
82918010321	34554	27094	19406	2492
82918010321	34553	27094	19410	2495
82918010321	34551	27094	19394	2498
82918010321	34549	27094	19406	2501
82918010321	34547	27094	19398	2504
82918010321	34545	27094	19386	2507
82918010321	34543	27093	19386	2510
82918010321	34541	27093	19366	2513
82918010321	34540	27093	19370	2515
82918010321	34539	27093	19366	2519
82918010321	34539	27093	19350	2521
82918010321	34536	27092	19350	2525
82918010321	34535	27092	19342	2527
82918010321	34535	27092	19342	2531
82918010321	34535	27092	19346	2534
82918010321	34533	27092	19342	2537
82918010321	34532	27092	19338	2540
82918010321	34530	27092	19338	2543
82918010321	34529	27092	19330	2546
82918010321	34527	27091	19330	2548
82918010321	34525	27091	19326	2552
82918010321	34524	27091	19322	2554
82918010321	34523	27091	19326	2558
82918010321	34522	27091	19322	2560
82918010321	34520	27091	19322	2564
82918010321	34520	27091	19322	2566
82918010321	34518	27091	19326	2570
82918010321	34517	27091	19322	2573
82918010321	34516	27091	19334	2575
82918010321	34516	27091	19338	2579
82918010321	34515	27091	19338	2581
82918010321	34513	27091	19330	2585
82918010321	34514	27091	19338	2587
82918010321	34514	27090	19334	2591
82918010321	34512	27090	19334	2593
82918010321	34510	27090	19338	2597
82918010321	34509	27090	19330	2599
82918010321	34509	27090	19318	2603
82918010321	34509	27089	19318	2606
82918010321	34508	27089	19314	2608
82918010321	34508	27089	19322	2612
82918010321	34507	27089	19326	2614
82918010321	34506	27089	19334	2618
82918010321	34505	27089	19334	2620
82918010321	34505	27088	19342	2624
82918010321	34503	27088	19342	2626
82918010321	34502	27088	19334	2630
82918010321	34500	27088	19330	2632
82918010321	34499	27088	19334	2635
82918010321	34497	27088	19334	2638
82918010321	34496	27088	19326	2641
82918010321	34493	27088	19322	2645
82918010321	34493	27088	19318	2647
82918010321	34490	27088	19310	2651
82918010321	34488	27088	19306	2653
82918010321	34486	27088	19294	2657
82918010321	34484	27088	19294	2659
82918010321	34483	27088	19298	2663
82918010321	34481	27088	19294	2665
82918010321	34480	27088	19298	2668
82918010321	34479	27088	19302	2671
82918010321	34479	27088	19302	2674
82918010321	34478	27088	19302	2677
82918010321	34480	27088	19422	2680
82918010321	34481	27088	19630	2684
82918010321	34479	27088	19750	2686
82918010321	34477	27088	19810	2690
82918010321	34486	27088	19958	2692
82918010321	34503	27088	20622	2695
82918010321	34555	27089	23334	2698
82918010321	34567	27091	25554	2701
82918010321	34560	27092	26770	2704
82918010321	34553	27093	26874	2707
82918010321	34545	27094	26446	2710
82918010321	34540	27095	25890	2713
82918010321	34537	27097	25070	2717
82918010321	34534	27098	24462	2719
82918010321	34532	27099	23726	2723
82918010321	34530	27100	23218	2725
82918010321	34528	27101	22810	2728
82918010321	34527	27102	22478	2730
82918010321	34525	27102	22198	2733
82918010321	34522	27103	21822	2737
82918010321	34520	27104	21550	2739
82918010321	34518	27105	21306	2742
82918010321	34517	27105	21078	2744
82918010321	34514	27106	20878	2747
82918010321	34512	27107	20642	2750
82918010321	34511	27108	20494	2753
82918010321	34509	27108	20322	2757
82918010321	34508	27109	20198	2759
82918010321	34507	27109	20098	2762
82918010321	34506	27110	20002	2764
82918010321	34505	27110	19938	2767
82918010321	34503	27111	19794	2773
82918010321	34503	27112	19746	2775
82918010321	34501	27112	19686	2779
82918010321	34500	27113	19646	2782
82918010321	34498	27113	19594	2785
82918010321	34497	27114	19578	2788
82918010321	34494	27114	19546	2790
82918010321	34493	27114	19522	2793
82918010321	34491	27115	19502	2795
82918010321	34488	27115	19466	2799
82918010321	34485	27115	19430	2802
82918010321	34483	27116	19418	2804
82918010321	34482	27116	19394	2807
82918010321	34482	27116	19386	2809
82918010321	34481	27116	19370	2813
82918010321	34481	27117	19370	2815
82918010321	34479	27117	19358	2819
82918010321	34478	27117	19354	2822
82918010321	34477	27118	19342	2824
82918010321	34475	27118	19338	2827
82918010321	34473	27118	19334	2829
82918010321	34472	27119	19326	2833
82918010321	34470	27119	19318	2835
82918010321	34469	27119	19302	2838
82918010321	34469	27119	19302	2841
82918010321	34468	27120	19290	2843
82918010321	34467	27120	19298	2847
82918010321	34466	27120	19290	2849
82918010321	34465	27121	19290	2852
82918010321	34464	27121	19286	2855
82918010321	34464	27121	19282	2857
82918010321	34463	27122	19278	2861
82918010321	34461	27122	19286	2863
82918010321	34460	27122	19278	2866
82918010321	34459	27122	19286	2869
82918010321	34458	27122	19270	2871
82918010321	34455	27123	19278	2875
82918010321	34454	27123	19278	2877
82918010321	34452	27123	19278	2881
82918010321	34450	27123	19274	2883
82918010321	34450	27123	19270	2886
82918010321	34449	27124	19274	2889
82918010321	34447	27124	19278	2891
82918010321	34446	27124	19270	2895
82918010321	34446	27124	19274	2897
82918010321	34444	27124	19262	2900
82918010321	34443	27125	19262	2903
82918010321	34443	27125	19262	2905
82918010321	34443	27125	19262	2909
82918010321	34443	27125	19258	2911
82918010321	34444	27125	19258	2914
82918010321	34444	27125	19246	2916
82918010321	34444	27125	19246	2919
82918010321	34443	27125	19242	2923
82918010321	34442	27126	19238	2925
82918010321	34442	27126	19234	2928
82918010321	34441	27126	19230	2930
82918010321	34440	27126	19226	2933
82918010321	34439	27126	19222	2936
82918010321	34438	27126	19230	2939
82918010321	34435	27127	19226	2943
82918010321	34432	27127	19226	2945
82918010321	34432	27127	19218	2948
82918010321	34431	27127	19210	2951
82918010321	34420	27127	19210	2954
82918010321	34390	27127	19206	2957
82918010321	34348	27126	19206	2960
82918010321	34336	27124	19198	2963
82918010321	34339	27123	19206	2966
82918010321	34346	27122	19206	2969
82918010321	34350	27121	19206	2972
82918010321	34353	27120	19218	2975
82918010321	34355	27119	19206	2977
82918010321	34356	27118	19206	2980
82918010321	34356	27117	19202	2983
82918010321	34356	27116	19202	2986
82918010321	34356	27115	19198	2989
82918010321	34355	27115	19206	2991
82918010321	34354	27114	19202	2994
82918010321	34354	27113	19214	2997
82918010321	34354	27112	19206	3000
82918010321	34352	27111	19190	3003
82918010321	34351	27110	19190	3006
82918010321	34352	27110	19186	3009
82918010321	34352	27109	19190	3012
82918010321	34352	27108	19174	3015
82918010321	34355	27108	19422	3018
82918010321	34363	27107	19810	3021
82918010321	34360	27107	20110	3024
82918010321	34358	27106	20162	3027
82918010321	34356	27105	20106	3030
82918010321	34354	27105	20034	3033
82918010321	34352	27105	19942	3036
82918010321	34351	27104	19862	3038
82918010321	34349	27104	19786	3041
82918010321	34349	27103	19698	3044
82918010321	34348	27103	19646	3047
82918010321	34348	27103	19590	3049
82918010321	34347	27102	19546	3052
82918010321	34346	27102	19494	3055
82918010321	34347	27101	19442	3058
82918010321	34348	27101	19410	3061
82918010321	34348	27100	19378	3064
82918010321	34348	27100	19350	3067
82918010321	34347	27100	19330	3069
82918010321	34346	27099	19314	3073
82918010321	34345	27099	19294	3076
82918010321	34345	27099	19294	3079
82918010321	34344	27098	19294	3082
82918010321	34344	27098	19282	3085
82918010321	34344	27097	19282	3088
82918010321	34344	27097	19278	3091
82918010321	34343	27097	19286	3094
82918010321	34344	27096	19298	3096
82918010321	34343	27096	19302	3099
82918010321	34342	27096	19310	3102
82918010321	34342	27095	19294	3105
82918010321	34341	27095	19294	3108
82918010321	34340	27095	19290	3111
82918010321	34340	27094	19282	3114
82918010321	34339	27094	19270	3116
82918010321	34338	27094	19258	3120
82918010321	34338	27094	19254	3122
82918010321	34337	27093	19238	3126
82918010321	34336	27093	19242	3129
82918010321	34336	27093	19234	3132
82918010321	34335	27092	19226	3135
82918010321	34334	27092	19218	3138
82918010321	34333	27092	19206	3141
82918010321	34331	27092	19198	3143
82918010321	34328	27091	19198	3147
82918010321	34325	27091	19182	3149
82918010321	34325	27090	19178	3153
82918010321	34324	27090	19166	3155
82918010321	34323	27090	19174	3159
82918010321	34322	27089	19178	3161
82918010321	34321	27089	19182	3165
82918010321	34320	27089	19190	3168
82918010321	34319	27088	19190	3171
82918010321	34318	27088	19190	3174
82918010321	34318	27087	19198	3176
82918010321	34317	27087	19214	3180
82918010321	34317	27087	19206	3182
82918010321	34316	27086	19206	3186
82918010321	34315	27086	19218	3188
82918010321	34314	27085	19218	3192
82918010321	34314	27085	19214	3194
82918010321	34312	27085	19202	3198
82918010321	34312	27085	19202	3201
82918010321	34311	27084	19206	3203
82918010321	34310	27084	19202	3207
82918010321	34309	27084	19194	3209
82918010321	34308	27083	19194	3213
82918010321	34307	27083	19194	3215
82918010321	34307	27083	19190	3219
82918010321	34307	27083	19182	3221
82918010321	34307	27082	19178	3225
82918010321	34301	27079	19162	3254