31821 24524 21150 24354:21354:16
65520 24386 20186 24496:20914:19
65520 24347 21218 20082:22:2147483647
24484 20722 23 21102:23:2147483647
24376 19986 26 20566:26:2147483647
24338 20990 26 29:2147483647:32231
20418 30 2147483647 2147483647:65520:24366
33 2147483647 32281 65520:24329:20826
2147483647 65520 24361 32288:24452:20198
2147483647 65520 24326 24357:19718:40
32330 24444 20114 24322:20690:40
65520 24354 19686 24428:20054:44
65520 24320 20650 19650:47:2147483647
24432 20010 48 20610:47:2147483647
24349 19626 51 19958:51:2147483647
24315 20574 50 54:2147483647:32401
19914 55 2147483647 2147483647:65520:24345
58 2147483647 32412 65520:24313:20510
2147483647 65520 24344 32416:24420:19842
2147483647 65520 24312 24343:19514:65
32436 24412 19802 24311:20446:64
65520 24342 19482 24416:19766:69
65520 24310 20406 19462:73:2147483647
24408 19734 72 20378:71:2147483647
24339 19438 76 19694:76:2147483647
24308 20346 74 80:2147483647:32468
19674 80 2147483647 2147483647:61577:24337
83 2147483647 32468 65520:24307:20306
2147483647 59798 24337 32490:24416:19630
2147483647 65520 24307 24336:19358:91
32494 24412 19614 24306:20262:88
56527 24336 19334 24420:19602:94
65520 24306 20250 19318:98:2147483647
24420 19710 97 20330:95:2147483647
24336 19398 101 19874:101:2147483647
24308 20366 98 105:2147483647:32510
19946 104 2147483647 2147483647:51142:24338
109 2147483647 32513 65520:24311:20366
2147483647 50000 24339 32530:24472:19914
2147483647 65520 24313 24340:19374:116
32514 24472 19854 24314:20306:112
47912 24342 19338 24472:19794:119
65520 24316 20254 19306:123:2147483647
24456 19742 122 20214:119:2147483647
24343 19282 127 19678:127:2147483647
24318 20174 123 131:2147483647:32537
19630 131 2147483647 2147483647:44000:24345
136 2147483647 32562 65520:24320:20098
2147483647 43070 24345 32550:24444:19538
2147483647 65520 24321 24345:19178:145
32543 24444 19494 24322:20050:140
41376 24346 19166 24452:19482:149
65520 24323 20038 19174:153:2147483647
24448 19458 153 20034:148:2147483647
24347 19154 158 19442:157:2147483647
24325 20010 153 162:2147483647:32565
19430 162 2147483647 2147483647:38525:24349
167 2147483647 32567 65520:24327:19994
2147483647 37904 24349 32553:24444:19406
2147483647 65520 24329 24350:19142:176
32573 24452 19450 24330:20014:170
36754 24351 19138 24452:19466:179
65520 24331 20014 19142:185:2147483647
24452 19474 184 20018:178:2147483647
24352 19142 189 19474:188:2147483647
24332 20018 182 194:2147483647:32581
19462 193 2147483647 2147483647:34760:24353
198 2147483647 32579 65064:24334:20014
2147483647 34316 24353 32577:24444:19462
2147483647 64536 24335 24353:19134:207
32579 24448 19446 24335:19998:199
33482 24354 19134 24444:19438:210
63493 24336 19994 19134:216:2147483647
24440 19418 215 19974:208:2147483647
24354 19118 220 19410:218:2147483647
24337 19966 211 223:2147483647:32586
19402 222 2147483647 2147483647:32214:24355
227 2147483647 32590 61815:24338:19938
2147483647 31939 24355 32595:24452:19382
2147483647 61442 24338 24355:19074:234
32598 24444 19378 24339:19926:225
31415 24355 19074 24448:19378:236
60722 24339 19922 19074:241:2147483647
24432 19370 240 19910:232:2147483647
24356 19062 245 19370:243:2147483647
24340 19894 235 248:2147483647:32593
19362 247 2147483647 2147483647:30453:24357
252 2147483647 32604 59378:24341:19886
2147483647 30230 24357 32600:24436:19338
2147483647 59062 24341 24357:19026:259
32612 24440 19334 24342:19862:248
29852 24358 19030 24440:19330:260
58602 24342 19854 19022:265:2147483647
24436 19334 263 19862:253:2147483647
24358 19022 268 19330:265:2147483647
24343 19854 256 270:2147483647:32604
19334 268 2147483647 2147483647:29245:24359
273 2147483647 32606 57724:24344:19854
2147483647 29101 24359 32618:24432:19330
2147483647 57513 24344 24360:19018:279
32599 24420 19326 24344:19854:266
28453 24360 19018 24420:19338:279
56961 24344 19854 19022:284:2147483647
24416 19346 282 19854:272:2147483647
24360 19026 287 19346:284:2147483647
24345 19862 274 290:2147483647:32599
19354 287 2147483647 2147483647:26427:24360
292 2147483647 32615 55801:24346:19866
2147483647 25920 24361 32601:24420:19374
2147483647 55509 24347 24361:19034:298
32609 24408 19382 24347:19878:285
24906 24362 19034 24408:19386:298
54921 24348 19878 19030:303:2147483647
24400 19390 301 19870:290:2147483647
24363 19030 306 19390:303:2147483647
24349 19886 293 309:2147483647:32619
19398 306 2147483647 2147483647:22876:24365
312 2147483647 32614 53741:24351:19870
2147483647 22368 24365 32633:24396:19398
2147483647 53445 24352 24366:19018:317
32620 24400 19398 24352:19870:303
21352 24367 19014 24404:19406:317
52853 24353 19870 19018:323:2147483647
24404 19406 320 19870:308:2147483647
24368 19010 325 19394:322:2147483647
24355 19858 311 328:2147483647:32643
19390 325 2147483647 2147483647:19319:24370
331 2147483647 32629 51665:24356:19846
2147483647 18811 24371 32632:24400:19374
2147483647 51367 24357 24371:18982:337
32627 24408 19366 24358:19826:321
17793 24372 18970 24400:19358:336
50770 24359 19826 18970:342:2147483647
24400 19354 339 19818:327:2147483647
24374 18966 345 19362:341:2147483647
24360 19814 329 348:2147483647:32642
19354 344 2147483647 2147483647:16197:24376
350 2147483647 32644 49572:24362:19822
2147483647 16067 24376 32618:24416:19362
2147483647 49272 24363 24377:18966:356
32638 24424 19374 24364:19814:340
15888 24378 18962 24424:19374:355
48674 24365 19826 18966:361:2147483647
24420 19386 358 19818:345:2147483647
24380 18962 364 19386:360:2147483647
24367 19826 347 367:2147483647:32652
19394 363 2147483647 2147483647:15647:24382
370 2147483647 32642 47467:24368:19826
2147483647 15598 24383 32643:24436:19398
2147483647 47165 24369 24384:18962:375
32638 24440 19398 24370:19830:358
15510 24384 18970 24440:19402:374
46560 24370 19822 18958:381:2147483647
24452 19398 377 19818:363:2147483647
24385 18958 383 19394:379:2147483647
24371 19826 366 386:2147483647:32644
19382 382 2147483647 2147483647:15361:24386
389 2147483647 32641 45348:24372:19818
2147483647 15329 24386 32638:24456:19378
2147483647 45045 24373 24387:18962:394
32645 24456 19374 24374:19806:376
15268 24387 18958 24452:19370:393
44436 24374 19802 18958:400:2147483647
24452 19370 396 19806:381:2147483647
24388 18950 403 19362:398:2147483647
24375 19806 384 405:2147483647:32644
19358 402 2147483647 2147483647:15151:24390
409 2147483647 32631 43019:24377:19798
2147483647 15119 24391 32622:24464:19366
2147483647 42614 24378 24392:18942:416
32625 24464 19358 24379:19786:398
15059 24393 18954 24476:19350:416
41802 24380 19778 18954:423:2147483647
24480 19342 420 19778:405:2147483647
24394 18942 427 19342:423:2147483647
24382 19774 408 431:2147483647:32644
19338 427 2147483647 2147483647:14954:24396
434 2147483647 32646 40171:24385:19762
2147483647 14930 24397 32663:24492:19326
2147483647 39762 24386 24398:18942:442
32644 24500 19306 24387:19754:422
14884 24399 18938 24500:19302:441
38945 24388 19742 18934:449:2147483647
24496 19294 445 19734:429:2147483647
24400 18930 452 19290:448:2147483647
24390 19730 432 456:2147483647:32664
19282 452 2147483647 2147483647:14802:24402
460 2147483647 32644 37311:24393:19726
2147483647 14783 24403 32646:24504:19274
2147483647 36904 24394 24404:18926:467
32653 24504 19254 24396:19698:446
14747 24405 18922 24500:19242:466
36339 24397 19694 18906:474:2147483647
24504 19238 470 19686:453:2147483647
24407 18922 478 19218:473:2147483647
24400 19686 456 481:2147483647:32651
19222 477 2147483647 2147483647:14682:24409
485 2147483647 32659 35993:24403:19658
2147483647 14666 24410 32661:24524:19202
2147483647 35924 24405 24411:18906:492
32656 24528 19194 24406:19646:470
14637 24412 18902 24528:19194:491
35809 24408 19646 18914:499:2147483647
24520 19198 494 19650:477:2147483647
24414 18914 503 19194:498:2147483647
24411 19646 480 507:2147483647:32650
19194 502 2147483647 2147483647:14584:24416
510 2147483647 32641 35612:24415:19638
2147483647 14571 24417 32654:24532:19194
2147483647 35567 24417 24418:18910:517
32655 24536 19190 24418:19622:494
14547 24419 18906 24528:19186:516
35481 24420 19618 18902:525:2147483647
24536 19186 519 19614:501:2147483647
24421 18898 528 19170:523:2147483647
24424 19598 504 532:2147483647:32658
19182 526 2147483647 2147483647:14501:24423
535 2147483647 32645 35328:24428:19590
2147483647 14490 24424 32640:24556:19162
2147483647 35293 24430 24425:18890:543
32669 24548 19162 24431:19570:518
14470 24426 18890 24544:19150:541
35227 24433 19574 18890:550:2147483647
24552 19142 544 19562:525:2147483647
24427 18886 554 19142:548:2147483647
24436 19566 528 557:2147483647:32654
19142 551 2147483647 2147483647:14431:24428
561 2147483647 32659 35113:24440:19558
2147483647 14422 24429 0:0:0
