13448 27068 18934 18946:1646:2147483647
27067 18950 1651 1654:2147483647:13453
18950 1658 2147483647 2147483647:13456:27066
1665 2147483647 13457 13458:27065:18926
2147483647 13460 27064 27064:18926:1680
13462 27064 18934 18954:1688:2147483647
27063 18946 1691 1696:2147483647:13467
18946 1699 2147483647 2147483647:13470:27060
1706 2147483647 13471 13473:27059:19122
2147483647 13474 27059 27058:19074:1722
13476 27058 19054 19026:1729:2147483647
27058 19010 1733 1737:2147483647:13481
18970 1741 2147483647 2147483647:13483:27056
1748 2147483647 13483 13485:27056:18922
2147483647 13486 27055 27055:18914:1763
13488 27055 18914 18910:1770:2147483647
27054 18910 1774 1779:2147483647:13492
18902 1779 2147483647 2147483647:13494:27054
1789 2147483647 13496 13496:27053:18894
2147483647 13497 27053 27053:18894:1805
13499 27053 18882 18886:1812:2147483647
27053 18882 1815 1820:2147483647:13503
18862 1824 2147483647 2147483647:13505:27052
1831 2147483647 13506 13507:27052:18842
2147483647 13507 27052 27052:18834:1846
13509 27052 18830 18822:1853:2147483647
27052 18822 1857 1860:2147483647:13512
18810 1865 2147483647 2147483647:13514:27052
1872 2147483647 13515 13515:27052:18814
2147483647 13516 27052 27052:18826:1887
13518 27052 18814 18810:1895:2147483647
27051 18810 1895 1902:2147483647:13521
18810 1906 2147483647 2147483647:13523:27051
1913 2147483647 13523 13524:27051:18854
2147483647 13524 27051 27051:18862:1929
13526 27051 18858 18878:1936:2147483647
27051 18858 1940 1940:2147483647:13529
18862 1948 2147483647 2147483647:13531:27051
1955 2147483647 13531 13532:27051:18858
2147483647 13532 27051 27051:18850:1966
13534 27051 18846 18846:1977:2147483647
27051 18834 1981 1985:2147483647:13536
18842 1985 2147483647 2147483647:13537:27052
1996 2147483647 13538 13538:27051:18850
2147483647 13539 27052 27052:18850:2008
13540 27052 18858 18858:2015:2147483647
27052 18858 2015 2020:2147483647:13541
18874 2023 2147483647 2147483647:13543:27052
2029 2147483647 13543 13544:27052:18886
2147483647 13544 27052 27052:18886:2041
13545 27052 18886 18870:2047:2147483647
27052 18870 2050 2056:2147483647:13547
18854 2059 2147483647 2147483647:13548:27053
2065 2147483647 13548 13549:27054:18838
2147483647 13549 27054 27054:18822:2080
13550 27054 18822 18822:2085:2147483647
27054 18818 2088 2091:2147483647:13552
18818 2095 2147483647 2147483647:13553:27054
2101 2147483647 13553 13554:27054:18798
2147483647 13554 27054 27054:18818:2112
13555 27054 18818 18818:2116:2147483647
27055 18826 2121 2124:2147483647:13557
18822 2127 2147483647 2147483647:13558:27055
2135 2147483647 13558 13559:27055:18814
2147483647 13559 27055 27055:18806:2145
13560 27055 18814 18818:2153:2147483647
27055 18818 2156 2160:2147483647:13561
18822 2163 2147483647 2147483647:13562:27055
2166 2147483647 13562 13563:27055:18818
2147483647 13563 27055 27055:18826:2181
13563 27055 18826 18826:2186:2147483647
27055 18838 2189 2192:2147483647:13565
18834 2195 2147483647 2147483647:13566:27055
2201 2147483647 13566 13566:27056:18810
2147483647 13566 27056 27056:18810:2215
13567 27056 18814 18802:2222:2147483647
27056 18810 2225 2225:2147483647:13568
18802 2230 2147483647 2147483647:13569:27056
2236 2147483647 13569 13570:27057:18782
2147483647 13570 27057 27057:18818:2251
13571 27057 18822 18822:2257:2147483647
27057 18810 2260 2260:2147483647:13572
18810 2266 2147483647 2147483647:13573:27058
2272 2147483647 13573 13573:27058:18798
2147483647 13574 27058 27058:18782:2283
13575 27058 18786 18778:2290:2147483647
27058 18782 2295 2298:2147483647:13576
18790 2301 2147483647 2147483647:13576:27058
2308 2147483647 13577 13577:27058:18794
2147483647 13577 27058 27058:18798:2319
13578 27058 18794 18794:2325:2147483647
27058 18790 2331 2334:2147483647:13579
18790 2337 2147483647 2147483647:13580:27058
2340 2147483647 13580 13580:27059:18770
2147483647 13580 27058 27058:18778:2355
13581 27058 18778 18782:2363:2147483647
27058 18778 2366 2370:2147483647:13582
18782 2373 2147483647 2147483647:13583:27057
2376 2147483647 13583 13584:27057:18786
2147483647 13584 27057 27057:18802:2390
13584 27056 18810 18826:2399:2147483647
27056 18826 2402 2405:2147483647:13585
18830 2405 2147483647 2147483647:13585:27055
2414 2147483647 13586 13586:27055:18826
2147483647 13586 27055 27055:18822:2425
13586 27055 18826 18822:2431:2147483647
27054 18826 2435 2438:2147483647:13587
18822 2441 2147483647 2147483647:13587:27053
2446 2147483647 13587 13588:27053:18830
2147483647 13588 27053 27053:18826:2456
13588 27053 18834 18826:2464:2147483647
27053 18826 2467 2470:2147483647:13588
18814 2475 2147483647 2147483647:13589:27052
2482 2147483647 13589 13589:27052:18802
2147483647 13589 27052 27051:18802:2496
13590 27051 18810 18802:2503:2147483647
27051 18794 2506 2509:2147483647:13591
18790 2512 2147483647 2147483647:13591:27050
2519 2147483647 13591 13591:27050:18774
2147483647 13591 27049 27049:18766:2531
13592 27049 18766 18766:2534:2147483647
27049 18782 2540 2543:2147483647:13592
18794 2546 2147483647 2147483647:13593:27048
2552 2147483647 13593 13593:27047:18798
2147483647 13593 27047 27047:18794:2565
13593 27046 18798 18790:2571:2147483647
27046 18782 2574 2577:2147483647:13594
18778 2580 2147483647 2147483647:13594:27044
2587 2147483647 13594 13595:27044:18770
2147483647 13595 27044 27044:18790:2599
13595 27043 18794 18798:2606:2147483647
27043 18810 2609 2612:2147483647:13596
18822 2615 2147483647 2147483647:13596:27042
2621 2147483647 13596 13596:27042:18826
2147483647 13596 27042 27041:18810:2634
13597 27041 18802 18798:2640:2147483647
27041 18782 2643 2647:2147483647:13597
18774 2650 2147483647 2147483647:13598:27040
2656 2147483647 13598 13598:27039:18770
2147483647 13598 27039 27039:18762:2669
13599 27039 18762 18758:2675:2147483647
27038 18746 2678 2681:2147483647:13599
18746 2684 2147483647 2147483647:13599:27037
2691 2147483647 13599 13599:27037:18750
2147483647 13599 27037 27037:18758:2703
13599 27037 18754 18762:2710:2147483647
27036 18766 2713 2716:2147483647:13599
18766 2719 2147483647 2147483647:13600:27035
2725 2147483647 13600 13600:27035:18762
2147483647 13600 27035 27035:18750:2738
13600 27035 18750 18750:2744:2147483647
27034 18750 2747 2751:2147483647:13601
18762 2754 2147483647 2147483647:13601:27034
2760 2147483647 13601 13601:27033:18762
2147483647 13601 27033 27033:18762:2773
13601 27033 18750 18750:2779:2147483647
27033 18750 2782 2785:2147483647:13602
18738 2788 2147483647 2147483647:13602:27032
2795 2147483647 13602 13602:27032:18726
2147483647 13602 27032 27031:18722:2807
13603 27031 18730 18726:2814:2147483647
27031 18738 2817 2820:2147483647:13603
18942 2823 2147483647 2147483647:13604:27031
2829 2147483647 13604 13604:27031:19146
2147483647 13604 27031 27032:20778:2842
13607 27032 21194 21182:2848:2147483647
27033 21026 2851 2854:2147483647:13607
20594 2858 2147483647 2147483647:13608:27035
2864 2147483647 13608 13608:27036:19826
2147483647 13609 27037 27037:19686:2879
13610 27038 19590 19478:2885:2147483647
27038 19478 2885 2890:2147483647:13610
19254 2893 2147483647 2147483647:13611:27040
2900 2147483647 13611 13611:27040:19010
2147483647 13611 27040 27041:18954:2911
13612 27041 18890 18862:2923:2147483647
27042 18850 2927 2930:2147483647:13613
18814 2933 2147483647 2147483647:13614:27044
2941 2147483647 13614 13614:27044:18762
2147483647 13614 27044 27044:18750:2951
13614 27045 18730 18722:2959:2147483647
27045 18730 2962 2965:2147483647:13615
18714 2969 2147483647 2147483647:13615:27047
2972 2147483647 13615 13615:27048:18690
2147483647 13615 27048 27048:18686:2986
13615 27048 18686 18674:2992:2147483647
27049 18670 2995 2998:2147483647:13616
18666 3001 2147483647 2147483647:13616:27051
3006 2147483647 13616 13617:27052:18650
2147483647 13617 27052 27052:18646:3016
13617 27053 18634 18642:3024:2147483647
27053 18638 3027 3030:2147483647:13618
18642 3034 2147483647 2147483647:13619:27054
3037 2147483647 13619 13619:27055:18634
2147483647 13619 27056 27056:18626:3051
13620 27056 18626 18626:3057:2147483647
27058 18622 3060 3063:2147483647:13620
18618 3066 2147483647 2147483647:13621:27059
3071 2147483647 13621 13621:27060:18614
2147483647 13621 27061 27061:18594:3086
13622 27062 18594 18590:3092:2147483647
27063 18582 3096 3099:2147483647:13623
18582 3102 2147483647 2147483647:13623:27065
3108 2147483647 13623 13624:27066:18562
2147483647 13624 27066 27066:18558:3121
13624 27067 18570 18562:3127:2147483647
27068 18566 3130 3130:2147483647:13625
18562 3135 2147483647 2147483647:13625:27069
3142 2147483647 13625 13625:27069:18558
2147483647 13626 27070 27070:18554:3153
13624 27070 18550 18558:3160:2147483647
27070 18546 3163 3166:2147483647:13624
18542 3169 2147483647 2147483647:13624:27069
3175 2147483647 13624 13624:27069:18630
2147483647 13625 27069 27068:18618:3188
13624 27068 18614 18610:3194:2147483647
27068 18610 3194 3200:2147483647:13624
18594 3203 2147483647 2147483647:13624:27068
3209 2147483647 13624 13624:27068:18562
2147483647 13624 27068 27068:18550:3221
13624 27068 18538 18538:3227:2147483647
27068 18538 3230 3233:2147483647:13624
18546 3236 2147483647 2147483647:13624:27068
3243 2147483647 13624 13624:27068:18554
2147483647 13624 27068 27068:18574:3255
13624 27068 18590 18590:3258:2147483647
27068 18606 3264 3267:2147483647:13624
18606 3270 2147483647 2147483647:13624:27068
3276 2147483647 13624 13625:27068:18582
2147483647 13625 27068 27068:18582:3289
13625 27068 18566 18574:3295:2147483647
27068 18554 3298 3301:2147483647:13625
18550 3305 2147483647 2147483647:13625:27067
3311 2147483647 13625 13625:27067:18518
2147483647 13625 27067 27066:18514:3323
13625 27066 18526 18534:3330:2147483647
27066 18542 3333 3336:2147483647:13625
18546 3339 2147483647 2147483647:13625:27065
3346 2147483647 13625 13625:27065:18566
2147483647 13625 27065 27064:18566:3358
13625 27064 18558 18558:3364:2147483647
27064 18558 3368 3371:2147483647:13625
18558 3374 2147483647 2147483647:13625:27063
3380 2147483647 13625 13625:27063:18554
2147483647 13625 27063 27062:18550:3393
13625 27059 18522 0:0:0
