153 26 29 0:9:21
107 26 29 0:9:22
113 26 29 0:9:23
129 26 29 0:9:24
137 26 29 0:9:25
161 26 29 0:9:26
119 26 29 0:9:27
126 26 29 0:9:28
138 26 29 0:9:29
131 26 28 0:9:30
143 26 28 0:9:31
131 26 28 0:9:32
159 26 28 0:9:33
102 26 28 0:9:34
158 26 28 0:9:35
116 26 28 0:9:36
132 26 28 0:9:37
119 26 28 0:9:38
143 26 28 0:9:39
149 26 28 0:9:40
119 26 28 0:9:40
113 26 28 0:9:41
135 26 28 0:9:42
125 26 28 0:9:43
129 26 28 0:9:44
128 26 28 0:9:45
120 26 28 0:9:46
126 26 28 0:9:47
144 26 28 0:9:48
128 26 28 0:9:49
125 26 28 0:9:50
119 26 28 0:9:51
134 26 28 0:9:52
117 26 28 0:9:53
147 26 28 0:9:54
146 26 28 0:9:55
128 26 28 0:9:56
104 26 28 0:9:57
125 26 28 0:9:58
125 26 28 0:9:59
187 26 28 0:10:0
162 26 28 0:10:1
95 26 28 0:10:2
96 26 28 0:10:3
89 26 29 0:10:4
114 26 29 0:10:5
131 26 29 0:10:6
140 26 29 0:10:7
122 26 29 0:10:8
116 26 29 0:10:9
134 26 29 0:10:10
125 26 29 0:10:11
111 26 29 0:10:12
102 26 29 0:10:13
119 26 29 0:10:14
144 26 29 0:10:15
126 26 29 0:10:16
119 26 29 0:10:17
116 26 29 0:10:18
120 26 28 0:10:19
119 26 28 0:10:20
104 26 28 0:10:21
132 26 28 0:10:22
129 26 28 0:10:23
110 26 28 0:10:24
132 26 28 0:10:25
125 26 28 0:10:26
131 26 28 0:10:27
137 26 28 0:10:28
95 26 28 0:10:29
135 26 28 0:10:30
122 26 28 0:10:31
114 26 28 0:10:32
119 26 28 0:10:33
131 26 28 0:10:34
111 26 28 0:10:35
116 26 28 0:10:36
116 26 28 0:10:37
119 26 28 0:10:38
117 26 28 0:10:39
113 26 28 0:10:40
125 26 28 0:10:41
108 26 28 0:10:42
134 26 28 0:10:43
93 26 28 0:10:44
107 26 28 0:10:45
120 26 28 0:10:46
129 26 28 0:10:47
125 26 28 0:10:47
135 26 28 0:10:48
123 26 28 0:10:49
137 26 28 0:10:50
107 26 28 0:10:51
128 26 28 0:10:52
107 26 28 0:10:53
102 26 28 0:10:54
116 26 28 0:10:55
119 26 28 0:10:56
85 26 28 0:10:57
98 26 28 0:10:58
135 26 28 0:10:59
98 26 28 0:11:0
95 26 28 0:11:1
104 26 28 0:11:2
117 26 28 0:11:3
93 26 28 0:11:4
99 26 28 0:11:5
123 26 28 0:11:6
120 26 28 0:11:7
131 26 28 0:11:8
129 26 28 0:11:9
140 26 28 0:11:10
128 26 28 0:11:11
92 26 28 0:11:12
101 26 28 0:11:13
131 26 28 0:11:14
98 26 28 0:11:15
122 26 28 0:11:16
125 26 28 0:11:17
120 26 28 0:11:18
108 26 28 0:11:19
128 26 28 0:11:20
105 26 28 0:11:21
99 26 28 0:11:22
144 26 28 0:11:23
95 26 28 0:11:24
90 26 28 0:11:25
122 26 28 0:11:26
96 26 28 0:11:27
122 26 28 0:11:28
110 26 28 0:11:29
113 26 28 0:11:30
140 26 28 0:11:31
119 26 28 0:11:32
129 26 28 0:11:33
110 26 28 0:11:34
95 26 28 0:11:35
122 26 28 0:11:36
96 26 28 0:11:37
126 26 28 0:11:38
101 26 28 0:11:39
125 26 28 0:11:40
125 26 28 0:11:41
102 26 28 0:11:42
119 26 28 0:11:43
96 26 28 0:11:44
81 26 28 0:11:45
113 26 28 0:11:46
119 26 28 0:11:47
87 26 28 0:11:48
99 26 28 0:11:49
110 26 28 0:11:50
87 26 28 0:11:51
102 26 28 0:11:52
114 26 28 0:11:53
82 26 28 0:11:54
117 26 28 0:11:54
108 26 28 0:11:55
134 26 28 0:11:56
99 26 28 0:11:57
81 26 28 0:11:58
95 26 28 0:11:59
117 26 28 0:12:0
116 26 28 0:12:1
102 26 28 0:12:2
105 26 28 0:12:3
101 26 28 0:12:4
93 26 28 0:12:5
105 26 28 0:12:6
101 26 28 0:12:7
123 26 28 0:12:8
110 26 28 0:12:9
79 26 28 0:12:10
117 26 28 0:12:11
114 26 28 0:12:12
104 26 28 0:12:13
116 26 28 0:12:14
96 26 28 0:12:15
96 26 28 0:12:16
107 26 28 0:12:17
89 26 28 0:12:18
90 26 28 0:12:19
104 26 28 0:12:20
84 26 28 0:12:21
110 26 28 0:12:22
102 26 28 0:12:23
131 26 28 0:12:24
87 26 28 0:12:25
98 26 28 0:12:26
81 26 28 0:12:27
117 26 28 0:12:28
93 26 28 0:12:29
119 26 28 0:12:30
107 26 28 0:12:31
108 26 28 0:12:32
93 26 28 0:12:33
98 26 28 0:12:34
102 26 28 0:12:35
99 26 28 0:12:36
70 26 28 0:12:37
120 26 28 0:12:38
120 26 28 0:12:39
110 26 28 0:12:40
107 26 28 0:12:41
102 26 28 0:12:42
102 26 28 0:12:43
82 26 28 0:12:44
84 26 28 0:12:45
135 26 28 0:12:46
98 26 28 0:12:47
69 26 28 0:12:48
107 26 28 0:12:49
79 26 28 0:12:50
101 26 28 0:12:51
102 26 28 0:12:52
101 26 28 0:12:53
102 26 28 0:12:54
119 26 28 0:12:55
101 26 28 0:12:56
87 26 28 0:12:57
89 26 28 0:12:58
107 26 28 0:12:59
90 26 28 0:13:0
114 26 28 0:13:1
75 26 28 0:13:1
92 26 28 0:13:2
93 26 28 0:13:3
90 26 28 0:13:4
96 26 28 0:13:5
105 26 28 0:13:6
111 26 28 0:13:7
101 26 28 0:13:8
99 26 28 0:13:9
113 26 28 0:13:10
114 26 28 0:13:11
58 26 28 0:13:12
93 26 28 0:13:13
92 26 28 0:13:14
89 26 28 0:13:15
102 26 28 0:13:16
95 26 28 0:13:17
93 26 28 0:13:18
96 26 28 0:13:19
96 26 28 0:13:20
110 26 28 0:13:21
105 26 28 0:13:22
84 26 28 0:13:23
93 26 28 0:13:24
84 26 28 0:13:25
93 26 28 0:13:26
119 26 28 0:13:27
90 26 28 0:13:28
85 26 28 0:13:29
110 26 28 0:13:30
99 26 28 0:13:31
105 26 28 0:13:32
70 26 28 0:13:33
84 26 28 0:13:34
95 26 28 0:13:35
96 26 28 0:13:36
107 26 28 0:13:37
107 26 28 0:13:38
79 26 28 0:13:39
82 26 28 0:13:40
92 26 28 0:13:41
82 26 28 0:13:42
92 26 28 0:13:43
95 26 28 0:13:44
104 26 28 0:13:45
96 26 28 0:13:46
113 26 28 0:13:47
141 26 28 0:13:48
67 26 28 0:13:49
99 26 28 0:13:50
72 26 28 0:13:51
96 26 28 0:13:52
101 26 28 0:13:53
114 26 28 0:13:54
92 26 28 0:13:55
95 26 28 0:13:56
107 26 28 0:13:57
90 26 28 0:13:58
82 26 28 0:13:59
95 26 28 0:14:0
95 26 28 0:14:1
76 26 28 0:14:2
84 26 28 0:14:3
95 26 28 0:14:4
73 26 28 0:14:5
69 26 28 0:14:5
81 26 28 0:14:6
89 26 27 0:14:7
108 26 27 0:14:8
76 26 27 0:14:9
102 26 27 0:14:10
72 26 27 0:14:11
72 26 27 0:14:12
90 26 27 0:14:13
107 26 27 0:14:14
101 26 27 0:14:15
92 26 27 0:14:16
90 26 27 0:14:17
81 26 27 0:14:18
96 26 27 0:14:19
126 26 27 0:14:20
81 26 27 0:14:21
85 26 27 0:14:22
99 26 27 0:14:23
82 26 27 0:14:24
81 26 27 0:14:25
99 26 27 0:14:26
78 26 27 0:14:27
129 26 27 0:14:28
73 26 27 0:14:29
82 26 27 0:14:30
70 26 27 0:14:31
90 26 27 0:14:32
81 26 27 0:14:33
96 26 27 0:14:34
143 26 27 0:14:35
72 26 27 0:14:36
76 26 27 0:14:37
76 26 27 0:14:38
119 26 27 0:14:39
102 26 27 0:14:40
90 26 27 0:14:41
93 26 27 0:14:42
107 26 27 0:14:43
73 26 27 0:14:44
69 26 27 0:14:45
95 26 27 0:14:46
78 26 27 0:14:47
82 26 27 0:14:48
67 26 27 0:14:49
107 26 27 0:14:50
89 26 27 0:14:51
98 26 27 0:14:52
104 26 27 0:14:53
75 26 27 0:14:54
79 26 27 0:14:55
114 26 27 0:14:56
48 26 27 0:14:57
67 26 27 0:14:58
70 26 27 0:14:59
95 26 27 0:15:0
82 26 27 0:15:1
85 26 27 0:15:2
90 26 27 0:15:3
85 26 27 0:15:4
108 26 27 0:15:5
85 26 27 0:15:6
79 26 27 0:15:7
78 26 27 0:15:8
78 26 27 0:15:9
99 26 27 0:15:10
85 26 27 0:15:10
82 26 27 0:15:11
99 26 27 0:15:12
85 26 27 0:15:13
85 26 27 0:15:14
102 26 27 0:15:15
76 26 27 0:15:16
82 26 27 0:15:17
73 26 27 0:15:18
85 26 27 0:15:19
87 26 27 0:15:20
87 26 27 0:15:21
82 26 27 0:15:22
82 26 27 0:15:23
87 26 27 0:15:24
76 26 27 0:15:25
72 26 27 0:15:26
70 26 27 0:15:27
102 26 27 0:15:28
107 26 27 0:15:29
84 26 27 0:15:30
85 26 27 0:15:31
95 26 27 0:15:32
85 26 27 0:15:33
85 26 27 0:15:34
78 26 27 0:15:35
89 26 27 0:15:36
64 26 27 0:15:37
89 26 27 0:15:38
92 26 27 0:15:39
90 26 27 0:15:40
76 26 27 0:15:41
87 26 27 0:15:42
72 26 27 0:15:43
75 26 27 0:15:44
104 26 27 0:15:45
90 26 27 0:15:46
69 26 27 0:15:47
79 26 27 0:15:48
82 26 27 0:15:49
87 26 27 0:15:50
75 26 27 0:15:51
79 26 27 0:15:52
93 26 27 0:15:53
55 26 27 0:15:54
64 26 27 0:15:55
73 26 27 0:15:56
175 26 27 0:15:57
55 26 27 0:15:58
85 26 27 0:15:59
92 26 27 0:16:0
34 26 27 0:16:1
96 26 27 0:16:2
69 26 27 0:16:3
54 26 27 0:16:4
85 26 27 0:16:5
79 26 27 0:16:6
78 26 27 0:16:7
66 26 27 0:16:8
70 26 27 0:16:9
101 26 27 0:16:10
96 26 27 0:16:11
73 26 27 0:16:12
72 26 27 0:16:13
101 26 27 0:16:14
79 26 27 0:16:14
87 26 27 0:16:15
78 26 27 0:16:16
90 26 27 0:16:17
85 26 27 0:16:18
92 26 27 0:16:19
89 26 27 0:16:20
67 26 27 0:16:21
73 26 27 0:16:22
95 26 27 0:16:23
75 26 27 0:16:24
73 26 27 0:16:25
55 26 27 0:16:26
78 26 27 0:16:27
81 26 27 0:16:28
76 26 27 0:16:29
102 26 27 0:16:30
64 26 27 0:16:31
113 26 27 0:16:32
72 26 27 0:16:33
76 26 27 0:16:34
84 26 27 0:16:35
76 26 27 0:16:36
69 26 27 0:16:37
81 26 27 0:16:38
78 26 27 0:16:39
99 26 27 0:16:40
82 26 27 0:16:41
63 26 27 0:16:42
73 26 27 0:16:43
99 26 27 0:16:44
102 26 27 0:16:45
66 26 27 0:16:46
73 26 27 0:16:47
108 26 27 0:16:48
85 26 27 0:16:49
67 26 27 0:16:50
69 26 27 0:16:51
90 26 27 0:16:52
73 26 27 0:16:53
98 26 27 0:16:54
108 26 27 0:16:55
51 26 27 0:16:56
64 26 27 0:16:57
61 26 27 0:16:58
93 26 27 0:16:59
63 26 27 0:17:0
78 26 27 0:17:1
63 26 27 0:17:2
60 26 27 0:17:3
73 26 27 0:17:4
85 26 27 0:17:5
67 26 27 0:17:6
72 26 27 0:17:7
76 26 27 0:17:8
66 26 27 0:17:9
84 26 27 0:17:10
63 26 27 0:17:11
73 26 27 0:17:12
76 26 27 0:17:13
70 26 27 0:17:14
93 26 27 0:17:15
84 26 27 0:17:16
42 26 27 0:17:17
66 26 27 0:17:18
69 26 27 0:17:19
69 26 27 0:17:19
81 26 27 0:17:20
75 26 27 0:17:21
85 26 27 0:17:22
89 26 27 0:17:23
63 26 27 0:17:24
67 26 27 0:17:25
90 26 27 0:17:26
84 26 27 0:17:27
82 26 27 0:17:28
64 26 27 0:17:29
87 26 27 0:17:30
70 26 27 0:17:31
87 26 27 0:17:32
45 26 27 0:17:33
87 26 27 0:17:34
79 26 27 0:17:35
61 26 27 0:17:36
78 26 27 0:17:37
66 26 27 0:17:38
96 26 27 0:17:39
82 26 27 0:17:40
72 26 27 0:17:41
60 26 27 0:17:42
57 26 27 0:17:43
87 26 27 0:17:44
75 26 27 0:17:45
75 26 27 0:17:46
57 26 27 0:17:47
104 26 27 0:17:48
61 26 27 0:17:49
55 26 27 0:17:50
79 26 27 0:17:51
55 26 27 0:17:52
81 26 27 0:17:53
64 26 27 0:17:54
92 26 27 0:17:55
78 26 27 0:17:56
85 26 27 0:17:57
73 26 27 0:17:58
78 26 27 0:17:59
89 26 27 0:18:0
76 26 27 0:18:1
70 26 27 0:18:2
93 26 27 0:18:3
64 26 27 0:18:4
60 26 27 0:18:5
75 26 27 0:18:6
89 26 27 0:18:7
67 26 27 0:18:8
70 26 27 0:18:9
66 26 27 0:18:10
66 26 27 0:18:11
55 26 27 0:18:12
61 26 27 0:18:13
58 26 27 0:18:14
54 26 27 0:18:15
89 26 27 0:18:16
79 26 27 0:18:17
89 26 27 0:18:18
57 26 27 0:18:19
82 26 27 0:18:20
63 26 27 0:18:21
69 26 27 0:18:22
69 26 27 0:18:23
76 26 27 0:18:23
63 26 27 0:18:24
90 26 27 0:18:25
82 26 27 0:18:26
70 26 27 0:18:27
81 26 27 0:18:28
66 26 27 0:18:29
67 26 27 0:18:30
58 26 27 0:18:31
43 26 27 0:18:32
113 26 27 0:18:33
66 26 27 0:18:34
66 26 27 0:18:35
72 26 27 0:18:36
57 26 27 0:18:37
63 26 27 0:18:38
85 26 27 0:18:39
99 26 27 0:18:40
75 26 27 0:18:41
48 26 27 0:18:42
107 26 27 0:18:43
57 26 27 0:18:44
52 26 27 0:18:45
107 26 27 0:18:46
37 26 27 0:18:47
73 26 27 0:18:48
73 26 27 0:18:49
67 26 27 0:18:50
84 26 27 0:18:51
63 26 27 0:18:52
70 26 27 0:18:53
60 26 27 0:18:54
82 26 27 0:18:55
73 26 27 0:18:56
72 26 27 0:18:57
84 26 27 0:18:58
85 26 27 0:18:59
70 26 27 0:19:0
45 26 27 0:19:1
67 26 27 0:19:2
57 26 27 0:19:3
69 26 27 0:19:4
46 26 27 0:19:5
84 26 27 0:19:6
76 26 27 0:19:7
75 26 27 0:19:8
85 26 27 0:19:9
81 26 27 0:19:10
76 26 27 0:19:11
60 26 27 0:19:12
57 26 27 0:19:13
55 26 27 0:19:14
105 26 27 0:19:15
79 26 27 0:19:16
58 26 27 0:19:17
31 26 27 0:19:18
96 26 27 0:19:19
60 26 27 0:19:20
66 26 27 0:19:21
95 26 27 0:19:22
52 26 27 0:19:23
73 26 27 0:19:24
92 26 27 0:19:25
81 26 27 0:19:26
64 26 27 0:19:26
60 26 27 0:19:27
72 26 27 0:19:28
55 26 27 0:19:29
76 26 27 0:19:30
52 26 27 0:19:31
61 26 27 0:19:32
73 26 27 0:19:33
61 26 27 0:19:34
66 26 27 0:19:35
61 26 27 0:19:36
67 26 27 0:19:37
81 26 27 0:19:38
102 26 27 0:19:39
79 26 27 0:19:40
36 26 27 0:19:41
93 26 27 0:19:42
66 26 27 0:19:43
72 26 27 0:19:44
60 26 27 0:19:45
64 26 27 0:19:46
52 26 27 0:19:47
58 26 27 0:19:48
66 26 27 0:19:49
72 26 27 0:19:50
82 26 27 0:19:51
76 26 27 0:19:52
67 26 27 0:19:53
72 26 27 0:19:54
70 26 27 0:19:55
76 26 27 0:19:56
58 26 27 0:19:57
72 26 27 0:19:58
75 26 27 0:19:59
76 26 27 0:20:0
81 26 27 0:20:1
63 26 27 0:20:2
73 26 27 0:20:3
69 26 27 0:20:4
72 26 27 0:20:5
63 26 27 0:20:6
89 26 27 0:20:7
46 26 27 0:20:8
64 26 27 0:20:9
89 26 27 0:20:10
64 26 27 0:20:11
76 26 27 0:20:12
63 26 27 0:20:13
57 26 27 0:20:14
78 26 27 0:20:15
72 26 27 0:20:16
63 26 27 0:20:17
63 26 27 0:20:18
43 26 27 0:20:19
73 26 27 0:20:20
57 26 27 0:20:21
89 26 27 0:20:22
87 26 27 0:20:23
67 26 27 0:20:24
78 26 27 0:20:25
33 26 27 0:20:26
54 26 27 0:20:27
58 26 27 0:20:28
64 26 27 0:20:29
79 26 27 0:20:29
61 26 27 0:20:30
78 26 27 0:20:31
33 26 27 0:20:32
84 26 27 0:20:33
81 26 27 0:20:34
57 26 27 0:20:35
73 26 27 0:20:36
84 26 27 0:20:37
82 26 27 0:20:38
63 26 27 0:20:39
70 26 27 0:20:40
60 26 27 0:20:41
48 26 27 0:20:42
70 26 27 0:20:43
72 26 27 0:20:44
72 26 27 0:20:45
70 26 27 0:20:46
75 26 27 0:20:47
79 26 27 0:20:48
93 26 27 0:20:49
40 26 27 0:20:50
72 26 27 0:20:51
70 26 27 0:20:52
55 26 27 0:20:53
70 26 27 0:20:54
81 26 27 0:20:55
276 26 27 0:20:56
383 26 27 0:20:57
137 26 28 0:20:58
51 26 28 0:20:59
241 26 28 0:21:0
6 26 29 0:21:1
9 26 29 0:21:4
19 26 30 0:21:6
21 26 30 0:21:7
69 26 30 0:21:8
12 26 29 0:21:9
57 26 29 0:21:10
67 26 29 0:21:11
51 26 29 0:21:12
72 26 29 0:21:13
48 26 29 0:21:14
48 26 29 0:21:15
51 26 29 0:21:16
81 26 29 0:21:17
54 26 29 0:21:18
49 26 29 0:21:19
54 26 29 0:21:20
60 26 28 0:21:21
69 26 28 0:21:22
57 26 28 0:21:23
58 26 28 0:21:24
63 26 28 0:21:25
39 26 28 0:21:26
64 26 28 0:21:27
72 26 28 0:21:28
85 26 28 0:21:29
69 26 28 0:21:30
72 26 28 0:21:31
81 26 28 0:21:32
61 26 28 0:21:33
45 26 28 0:21:33
73 26 28 0:21:34
81 26 28 0:21:35
58 26 28 0:21:36
46 26 28 0:21:37
70 26 28 0:21:38
81 26 28 0:21:39
69 26 28 0:21:40
42 26 28 0:21:41
69 26 27 0:21:42
72 26 27 0:21:43
64 26 27 0:21:44
69 26 27 0:21:45
85 26 27 0:21:46
57 26 27 0:21:47
60 26 27 0:21:48
33 26 27 0:21:49
87 26 27 0:21:50
73 26 27 0:21:51
73 26 27 0:21:52
46 26 27 0:21:53
66 26 27 0:21:54
61 26 27 0:21:55
67 26 27 0:21:56
52 26 27 0:21:57
43 26 27 0:21:58
79 26 27 0:21:59
46 26 27 0:22:0
66 26 27 0:22:1
55 26 27 0:22:2
81 26 27 0:22:3
82 26 27 0:22:4
40 26 27 0:22:5
72 26 27 0:22:6
73 26 27 0:22:7
64 26 27 0:22:8
93 26 27 0:22:9
67 26 27 0:22:10
52 26 27 0:22:11
54 26 27 0:22:12
57 26 27 0:22:13
69 26 27 0:22:14
72 26 27 0:22:15
69 26 27 0:22:16
57 26 27 0:22:17
69 26 27 0:22:18
64 26 27 0:22:19
