27.94		98628.08		226.96		3
27.94		98632.47		226.58		4
27.94		98628.95		226.88		5
27.94		98631.13		226.70		6
27.94		98626.49		227.09		7
27.94		98628.73		226.90		8
27.94		98629.17		226.86		9
27.95		98635.30		226.34		10
27.95		98634.86		226.38		11
27.95		98630.59		226.74		12
27.95		98629.98		226.79		13
27.95		98631.40		226.67		14
27.94		98627.30		227.02		15
27.94		98630.15		226.78		16
27.95		98631.01		226.71		17
27.95		98628.86		226.89		18
27.94		98629.86		226.81		19
27.95		98631.42		226.67		20
27.94		98628.49		226.92		21
27.95		98625.07		227.21		22
27.94		98629.59		226.83		23
27.94		98629.25		226.86		24
27.94		98627.27		227.02		25
27.94		98627.71		226.99		26
27.93		98633.50		226.49		27
27.93		98633.35		226.51		28
27.94		98630.66		226.74		29
27.93		98637.13		226.19		30
27.93		98632.79		226.56		31
27.94		98633.23		226.52		32
27.94		98631.62		226.66		33
27.93		98633.35		226.51		34
27.93		98634.77		226.39		35
27.94		98629.73		226.82		36
27.94		98631.81		226.64		37
27.94		98635.01		226.37		38
27.94		98624.48		227.26		39
27.94		98634.30		226.43		40
27.94		98626.71		227.07		41
27.94		98634.52		226.41		42
27.95		98632.38		226.59		43
27.94		98628.25		226.94		44
27.94		98628.71		226.90		45
27.94		98627.83		226.98		46
27.94		98630.42		226.76		47
27.94		98631.71		226.65		48
27.94		98630.34		226.76		49
27.93		98628.34		226.93		50
27.94		98630.64		226.74		51
27.93		98632.77		226.56		52
27.93		98632.33		226.59		53
27.93		98628.73		226.90		54
27.93		98632.59		226.57		55
27.93		98626.86		227.06		56
27.93		98631.13		226.70		57
27.93		98629.13		226.87		58
27.94		98625.61		227.17		59
27.93		98624.52		227.26		60
27.94		98634.59		226.40		61
27.94		98629.32		226.85		62
27.93		98635.74		226.30		63
27.93		98629.86		226.81		64
27.92		98629.73		226.82		65
27.93		98627.83		226.98		66
27.93		98631.73		226.65		67
27.93		98630.86		226.72		68
27.93		98632.86		226.55		69
27.93		98632.62		226.57		70
27.93		98629.39		226.85		71
27.92		98635.81		226.30		72
27.93		98637.02		226.20		73
27.93		98630.30		226.77		74
27.92		98630.73		226.73		75
27.92		98627.78		226.98		76
27.93		98634.70		226.39		77
27.93		98630.88		226.72		78
27.93		98632.33		226.59		79
27.93		98633.52		226.49		80
27.92		98630.20		226.78		81
27.93		98629.23		226.86		82
27.92		98631.03		226.71		83
27.93		98629.84		226.81		84
27.93		98627.56		227.00		85
27.93		98627.27		227.02		86
27.93		98628.66		226.91		87
27.93		98630.32		226.77		88
27.93		98631.34		226.68		89
27.93		98633.47		226.50		90
27.93		98633.23		226.52		91
27.93		98624.37		227.27		92
27.93		98628.47		226.92		93
27.93		98629.17		226.86		94
27.93		98624.76		227.24		95
27.94		98637.50		226.16		96
27.94		98630.10		226.78		97
27.94		98635.87		226.29		98
27.94		98628.13		226.95		99
27.94		98616.92		227.91		100
27.94		98632.86		226.55		101
27.93		98630.32		226.77		102
27.94		98633.96		226.46		103
27.93		98632.94		226.54		104
27.93		98625.00		227.22		105
27.93		98628.78		226.90		106
27.94		98635.77		226.30		107
27.93		98629.03		226.88		108
27.93		98631.86		226.63		109
27.93		98631.98		226.62		110
27.93		98629.59		226.83		111
27.93		98632.81		226.55		112
27.92		98634.28		226.43		113
27.93		98629.64		226.82		114
27.92		98628.45		226.93		115
27.93		98633.81		226.47		116
27.93		98634.81		226.38		117
27.93		98630.23		226.77		118
27.93		98631.88		226.63		119
27.93		98629.49		226.84		120
27.94		98624.59		227.25		121
27.94		98624.54		227.26		122
27.94		98629.47		226.84		123
27.94		98634.74		226.39		124
27.94		98633.35		226.51		125
27.94		98630.77		226.73		126
27.94		98633.89		226.46		127
27.94		98626.73		227.07		128
27.94		98625.48		227.18		129
27.93		98629.17		226.86		130
27.94		98626.78		227.07		131
27.94		98634.77		226.39		132
27.94		98629.78		226.81		133
27.93		98627.76		226.98		134
27.94		98633.45		226.50		135
27.94		98633.86		226.46		136
27.93		98628.98		226.88		137
27.93		98628.49		226.92		138
27.93		98636.70		226.22		139
27.93		98632.74		226.56		140
27.93		98629.42		226.84		141
27.93		98626.59		227.08		142
27.93		98624.07		227.30		143
27.93		98634.94		226.37		144
27.93		98631.81		226.64		145
27.93		98627.98		226.96		146
27.93		98627.02		227.05		147
27.93		98629.98		226.79		148
27.93		98627.56		227.00		149
27.93		98632.45		226.58		150
27.93		98635.70		226.31		151
27.93		98631.18		226.69		152
27.93		98625.24		227.20		153
27.93		98631.88		226.63		154
27.93		98623.37		227.36		155
27.92		98626.86		227.06		156
27.93		98627.37		227.02		157
27.93		98630.15		226.78		158
27.93		98628.34		226.93		159
27.93		98634.42		226.42		160
27.92		98630.25		226.77		161
27.93		98630.62		226.74		162
27.93		98633.84		226.47		163
27.93		98633.66		226.48		164
27.93		98627.56		227.00		165
27.93		98639.87		225.95		166
27.93		98635.28		226.34		167
27.93		98632.42		226.59		168
27.92		98635.57		226.32		169
27.93		98629.45		226.84		170
27.93		98632.01		226.62		171
27.93		98634.62		226.40		172
27.92		98634.11		226.44		173
27.93		98635.25		226.35		174
27.93		98631.27		226.68		175
27.93		98635.45		226.33		176
27.93		98641.04		225.85		177
27.93		98621.80		227.49		178
27.93		98624.27		227.28		179
27.93		98622.31		227.45		180
27.93		98624.85		227.23		181
27.93		98632.23		226.60		182
27.94		98633.66		226.48		183
27.94		98624.22		227.28		184
27.94		98632.40		226.59		185
27.94		98636.48		226.24		186
27.94		98632.27		226.60		187
27.94		98633.98		226.45		188
27.94		98632.84		226.55		189
27.94		98631.27		226.68		190
27.94		98633.81		226.47		191
27.94		98629.37		226.85		192
27.94		98635.35		226.34		193
27.93		98636.16		226.27		194
27.93		98618.66		227.76		195
27.94		98630.86		226.72		196
27.94		98616.23		227.96		197
27.94		98616.02		227.98		198
27.93		98615.70		228.01		199
27.93		98625.66		227.16		200
27.94		98632.16		226.61		201
27.94		98630.38		226.76		202
27.94		98637.87		226.12		203
27.94		98637.74		226.13		204
27.94		98636.20		226.26		205
27.93		98630.81		226.72		206
27.94		98630.59		226.74		207
27.94		98631.20		226.69		208
27.94		98628.47		226.92		209
27.94		98638.35		226.08		210
27.94		98634.79		226.39		211
27.94		98634.18		226.44		212
27.94		98633.33		226.51		213
27.94		98640.77		225.88		214
27.94		98635.87		226.29		215
27.94		98637.52		226.15		216
27.94		98633.62		226.48		217
27.94		98633.42		226.50		218
27.94		98630.30		226.77		219
27.95		98625.85		227.15		220
27.95		98632.01		226.62		221
27.95		98628.49		226.92		222
27.94		98623.02		227.39		223
27.94		98627.13		227.04		224
27.94		98628.49		226.92		225
27.94		98635.09		226.36		226
27.94		98635.01		226.37		227
27.94		98627.27		227.02		228
27.94		98612.13		228.31		229
27.94		98633.72		226.48		230
27.94		98632.52		226.58		231
27.94		98633.27		226.51		232
27.94		98625.17		227.20		233
27.94		98623.22		227.37		234
27.94		98626.54		227.09		235
27.94		98631.86		226.63		236
27.94		98624.24		227.28		237
27.94		98625.91		227.14		238
27.94		98627.88		226.97		239
27.94		98630.42		226.76		240
27.95		98627.80		226.98		241
27.94		98630.27		226.77		242
27.95		98629.34		226.85		243
27.94		98627.30		227.02		244
27.95		98626.61		227.08		245
27.95		98623.63		227.33		246
27.95		98633.79		226.47		247
27.95		98626.05		227.13		248
27.95		98627.22		227.03		249
27.95		98633.89		226.46		250
27.95		98627.02		227.05		251
27.95		98633.27		226.51		252
27.95		98629.03		226.88		253
27.95		98629.32		226.85		254
27.95		98627.83		226.98		255
27.95		98631.32		226.68		256
27.95		98628.86		226.89		257
27.95		98626.17		227.12		258
27.95		98630.23		226.77		259
27.95		98627.69		226.99		260
27.96		98630.56		226.75		261
27.95		98629.54		226.83		262
27.95		98630.56		226.75		263
27.95		98634.79		226.39		264
27.96		98625.78		227.15		265
27.96		98629.03		226.88		266
27.95		98626.59		227.08		267
27.95		98630.01		226.79		268
27.95		98630.86		226.72		269
27.95		98630.64		226.74		270
27.96		98630.54		226.75		271
27.96		98624.85		227.23		272
27.95		98634.67		226.40		273
27.96		98623.17		227.37		274
27.96		98631.20		226.69		275
27.96		98631.79		226.64		276
27.96		98627.61		227.00		277
27.95		98622.46		227.43		278
27.96		98634.11		226.44		279
27.95		98626.17		227.12		280
27.95		98625.00		227.22		281
27.95		98628.64		226.91		282
27.95		98625.76		227.15		283
27.95		98632.88		226.55		284
27.95		98626.39		227.10		285
27.95		98635.45		226.33		286
27.95		98628.32		226.94		287
27.95		98625.54		227.17		288
27.95		98624.88		227.23		289
27.95		98623.61		227.34		290
27.95		98632.33		226.59		291
27.95		98624.13		227.29		292
27.95		98629.20		226.86		293
27.95		98625.30		227.19		294
27.95		98630.47		226.75		295
27.96		98627.17		227.03		296
27.95		98631.05		226.70		297
27.96		98630.40		226.76		298
27.96		98634.30		226.43		299
27.96		98629.78		226.81		300
27.96		98631.66		226.65		301
27.96		98630.52		226.75		302
27.96		98625.15		227.21		303
27.96		98631.40		226.67		304
27.96		98629.73		226.82		305
27.96		98631.20		226.69		306
27.96		98634.13		226.44		307
27.95		98626.61		227.08		308
27.96		98632.57		226.57		309
27.95		98626.17		227.12		310
27.96		98635.33		226.34		311
27.95		98623.34		227.36		312
27.95		98628.84		226.89		313
27.95		98627.71		226.99		314
27.95		98628.95		226.88		315
27.95		98628.03		226.96		316
27.96		98628.76		226.90		317
27.96		98628.52		226.92		318
27.96		98625.83		227.15		319
27.96		98633.08		226.53		320
27.95		98631.96		226.63		321
27.96		98631.01		226.71		322
27.96		98630.64		226.74		323
27.96		98629.10		226.87		324
27.96		98627.13		227.04		325
27.96		98629.05		226.87		326
27.97		98635.45		226.33		327
27.96		98623.56		227.34		328
27.96		98627.44		227.01		329
27.96		98624.00		227.30		330
27.96		98629.00		226.88		331
27.96		98627.13		227.04		332
27.96		98623.53		227.34		333
27.96		98630.20		226.78		334
27.96		98634.84		226.38		335
27.96		98626.49		227.09		336
27.96		98627.32		227.02		337
27.96		98628.76		226.90		338
27.96		98624.61		227.25		339
27.96		98628.39		226.93		340
27.96		98627.88		226.97		341
27.96		98630.25		226.77		342
27.96		98623.29		227.36		343
27.96		98630.62		226.74		344
27.96		98630.64		226.74		345
27.96		98627.83		226.98		346
27.96		98625.37		227.19		347
27.96		98627.83		226.98		348
27.96		98623.85		227.32		349
27.97		98628.76		226.90		350
27.96		98623.02		227.39		351
27.96		98622.85		227.40		352
27.97		98628.78		226.90		353
27.97		98627.44		227.01		354
27.97		98624.85		227.23		355
27.97		98625.93		227.14		356
27.97		98630.84		226.72		357
27.96		98621.46		227.52		358
27.97		98621.22		227.54		359
27.97		98628.56		226.91		360
27.97		98627.95		226.97		361
27.97		98631.23		226.69		362
27.97		98630.20		226.78		363
27.98		98628.15		226.95		364
27.97		98625.69		227.16		365
27.97		98622.20		227.46		366
27.97		98625.59		227.17		367
27.97		98631.64		226.65		368
27.97		98627.02		227.05		369
27.97		98627.69		226.99		370
27.97		98621.75		227.49		371
27.97		98625.32		227.19		372
27.97		98635.70		226.31		373
27.97		98628.66		226.91		374
27.97		98623.14		227.38		375
27.97		98627.22		227.03		376
27.97		98625.39		227.19		377
27.97		98624.46		227.26		378
27.97		98626.80		227.06		379
27.96		98626.47		227.09		380
27.96		98631.05		226.70		381
27.96		98631.03		226.71		382
27.96		98629.52		226.83		383
27.96		98634.86		226.38		384
27.96		98624.98		227.22		385
27.97		98629.64		226.82		386
27.97		98627.66		226.99		387
27.96		98626.98		227.05		388
27.97		98625.30		227.19		389
27.97		98625.76		227.15		390
27.97		98629.05		226.87		391
27.97		98624.95		227.22		392
27.98		98634.23		226.43		393
27.98		98624.78		227.24		394
27.98		98630.56		226.75		395
27.97		98626.76		227.07		396
27.97		98625.00		227.22		397
27.97		98627.17		227.03		398
27.97		98628.17		226.95		399
27.97		98631.79		226.64		400
27.97		98631.49		226.67		401
27.97		98627.00		227.05		402
27.97		98625.76		227.15		403
27.97		98628.59		226.91		404
27.98		98627.05		227.04		405
27.98		98625.85		227.15		406
27.98		98622.00		227.47		407
27.98		98607.52		228.71		408
27.97		98624.93		227.22		409
27.97		98624.02		227.30		410
27.97		98621.12		227.55		411
27.97		98623.88		227.31		412
27.97		98623.90		227.31		413
27.97		98624.59		227.25		414
27.97		98625.27		227.20		415
27.97		98629.27		226.85		416
27.98		98622.31		227.45		417
27.98		98626.69		227.07		418
27.98		98623.07		227.38		419
27.97		98621.90		227.48		420
27.97		98620.22		227.63		421
27.97		98626.61		227.08		422
27.98		98629.78		226.81		423
27.98		98626.69		227.07		424
27.98		98629.20		226.86		425
27.98		98622.44		227.44		426
27.98		98628.71		226.90		427
27.98		98626.95		227.05		428
27.98		98627.88		226.97		429
27.98		98625.44		227.18		430
27.98		98628.32		226.94		431
27.98		98623.37		227.36		432
27.98		98624.20		227.29		433
27.98		98625.61		227.17		434
27.97		98623.46		227.35		435
27.98		98626.59		227.08		436
27.98		98626.95		227.05		437
27.97		98619.46		227.69		438
27.98		98622.05		227.47		439
27.98		98624.46		227.26		440
27.98		98627.88		226.97		441
27.98		98623.92		227.31		442
27.98		98622.17		227.46		443
27.98		98625.73		227.16		444
27.99		98626.49		227.09		445
27.99		98628.25		226.94		446
27.99		98626.08		227.13		447
27.98		98625.66		227.16		448
27.98		98626.47		227.09		449
27.98		98625.41		227.18		450
27.98		98624.02		227.30		451
27.98		98624.37		227.27		452
27.98		98624.80		227.24		453
27.98		98629.10		226.87		454
27.98		98627.22		227.03		455
27.98		98626.41		227.10		456
27.99		98623.59		227.34		457
27.98		98625.27		227.20		458
27.99		98626.95		227.05		459
27.98		98626.05		227.13		460
27.99		98624.27		227.28		461
27.98		98626.10		227.12		462
27.98		98627.64		226.99		463
27.98		98627.52		227.00		464
27.99		98628.78		226.90		465
27.98		98626.44		227.10		466
27.98		98618.88		227.74		467
27.98		98631.13		226.70		468
27.98		98630.20		226.78		469
27.98		98622.95		227.39		470
27.98		98623.66		227.33		471
27.98		98627.00		227.05		472
27.98		98622.00		227.47		473
27.99		98627.66		226.99		474
27.98		98619.14		227.72		475
27.99		98621.46		227.52		476
27.98		98630.47		226.75		477
27.98		98625.20		227.20		478
27.99		98626.05		227.13		479
27.99		98628.37		226.93		480
27.98		98625.00		227.22		481
27.99		98632.10		226.61		482
27.98		98626.20		227.12		483
27.99		98633.08		226.53		484
27.99		98632.79		226.56		485
27.99		98631.40		226.67		486
27.98		98625.39		227.19		487
27.99		98626.37		227.10		488
27.99		98625.63		227.16		489
27.99		98623.68		227.33		490
27.99		98628.66		226.91		491
27.99		98631.40		226.67		492
27.99		98632.16		226.61		493
27.99		98631.03		226.71		494
27.99		98623.20		227.37		495
27.99		98620.66		227.59		496
27.99		98617.65		227.84		497
27.99		98626.27		227.11		498
27.99		98624.70		227.24		499
28.00		98625.71		227.16		500
27.99		98624.80		227.24		501
27.99		98624.88		227.23		502
28.00		98629.00		226.88		503
27.99		98625.66		227.16		504
27.99		98628.10		226.95		505
27.99		98629.81		226.81		506
27.99		98626.27		227.11		507
27.99		98628.52		226.92		508
28.00		98634.70		226.39		509
27.99		98628.98		226.88		510
27.99		98623.73		227.33		511
28.00		98624.63		227.25		512
28.00		98625.48		227.18		513
28.00		98622.88		227.40		514
28.00		98628.10		226.95		515
28.00		98631.96		226.63		516
28.00		98630.62		226.74		517
28.00		98629.93		226.80		518
28.00		98625.78		227.15		519
28.00		98624.66		227.25		520
28.00		98624.20		227.29		521
28.00		98628.78		226.90		522
28.00		98623.56		227.34		523
28.00		98623.92		227.31		524
28.00		98623.73		227.33		525
28.00		98628.15		226.95		526
28.00		98624.78		227.24		527
28.00		98627.37		227.02		528
28.00		98622.85		227.40		529
28.00		98627.08		227.04		530
28.00		98627.10		227.04		531
28.01		98623.51		227.35		532
28.00		98625.34		227.19		533
28.00		98631.01		226.71		534
28.00		98627.88		226.97		535
28.00		98626.63		227.08		536
28.00		98625.56		227.17		537
28.00		98621.63		227.50		538
28.00		98626.56		227.09		539
28.00		98628.17		226.95		540
28.00		98623.27		227.37		541
28.00		98624.66		227.25		542
28.00		98623.61		227.34		543
28.00		98627.00		227.05		544
28.00		98623.34		227.36		545
28.00		98626.39		227.10		546
28.00		98628.20		226.95		547
28.00		98630.10		226.78		548
28.00		98629.56		226.83		549
28.00		98626.27		227.11		550
28.00		98626.15		227.12		551
27.99		98626.20		227.12		552
28.00		98629.05		226.87		553
28.00		98625.15		227.21		554
28.00		98627.88		226.97		555
28.00		98627.30		227.02		556
28.00		98620.58		227.59		557
28.00		98623.78		227.32		558
28.00		98621.05		227.55		559
28.00		98629.54		226.83		560
28.00		98626.76		227.07		561
28.01		98629.03		226.88		562
28.00		98628.91		226.89		563
28.00		98631.45		226.67		564
28.00		98627.61		227.00		565
28.00		98630.20		226.78		566
28.00		98624.17		227.29		567
28.00		98627.02		227.05		568
28.00		98626.69		227.07		569
28.00		98632.20		226.61		570
28.00		98625.71		227.16		571
27.99		98625.98		227.14		572
28.00		98624.63		227.25		573
28.00		98629.17		226.86		574
28.00		98629.66		226.82		575
28.00		98630.73		226.73		576
28.00		98625.85		227.15		577
28.01		98629.08		226.87		578
28.01		98630.38		226.76		579
28.00		98629.17		226.86		580
28.00		98628.95		226.88		581
28.01		98625.30		227.19		582
28.01		98625.05		227.21		583
28.00		98621.70		227.50		584
28.00		98626.83		227.06		585
28.00		98624.54		227.26		586
28.01		98633.35		226.51		587
28.00		98626.27		227.11		588
28.00		98629.32		226.85		589
28.01		98629.69		226.82		590
28.01		98627.95		226.97		591
28.00		98626.15		227.12		592
28.01		98629.17		226.86		593
28.01		98627.86		226.98		594
28.00		98630.20		226.78		595
28.01		98622.36		227.44		596
28.01		98628.32		226.94		597
28.01		98631.81		226.64		598
28.00		98628.27		226.94		599
28.00		98626.00		227.13		600
28.01		98627.32		227.02		601
28.01		98633.13		226.53		602
28.01		98626.59		227.08		603
28.01		98632.59		226.57		604
28.01		98627.80		226.98		605
28.01		98623.80		227.32		606
28.01		98629.86		226.81		607
28.01		98616.41		227.95		608
28.01		98627.25		227.03		609
28.01		98623.59		227.34		610
28.01		98627.49		227.01		611
28.01		98625.71		227.16		612
28.01		98631.64		226.65		613
28.01		98634.47		226.41		614
28.01		98629.23		226.86		615
28.01		98627.52		227.00		616
28.01		98625.41		227.18		617
28.01		98627.44		227.01		618
28.01		98628.32		226.94		619
28.01		98624.00		227.30		620
28.01		98626.73		227.07		621
28.01		98620.70		227.58		622
28.01		98627.69		226.99		623
28.00		98626.17		227.12		624
28.01		98622.80		227.41		625
28.01		98630.71		226.73		626
28.01		98625.41		227.18		627
28.01		98627.78		226.98		628
28.01		98626.98		227.05		629
28.01		98629.08		226.87		630
28.01		98628.52		226.92		631
28.01		98627.64		226.99		632
28.01		98631.52		226.66		633
28.01		98627.49		227.01		634
28.02		98631.69		226.65		635
28.01		98630.32		226.77		636
28.01		98629.30		226.85		637
28.01		98628.13		226.95		638
28.02		98626.54		227.09		639
28.02		98628.32		226.94		640
28.02		98629.95		226.80		641
28.02		98624.52		227.26		642
28.01		98635.06		226.36		643
28.02		98624.93		227.22		644
28.01		98625.59		227.17		645
28.02		98630.42		226.76		646
28.02		98627.83		226.98		647
28.01		98624.70		227.24		648
28.02		98628.78		226.90		649
28.01		98623.12		227.38		650
28.01		98628.69		226.90		651
28.01		98626.27		227.11		652
28.01		98624.56		227.26		653
28.01		98627.73		226.99		654
28.02		98624.44		227.27		655
28.02		98626.30		227.11		656
28.02		98625.69		227.16		657
28.02		98625.07		227.21		658
28.02		98626.22		227.11		659
28.02		98630.03		226.79		660
28.02		98625.07		227.21		661
28.02		98628.22		226.94		662
28.02		98625.09		227.21		663
28.02		98624.17		227.29		664
28.02		98630.86		226.72		665
28.02		98630.84		226.72		666
28.02		98626.78		227.07		667
28.01		98632.64		226.57		668
28.02		98624.34		227.27		669
28.02		98627.83		226.98		670
28.02		98625.71		227.16		671
28.02		98631.05		226.70		672
28.02		98630.47		226.75		673
28.02		98624.54		227.26		674
28.02		98629.30		226.85		675
28.02		98631.03		226.71		676
28.02		98633.05		226.53		677
28.03		98626.47		227.09		678
28.02		98622.39		227.44		679
28.02		98628.93		226.88		680
28.03		98625.07		227.21		681
28.02		98624.05		227.30		682
28.02		98627.86		226.98		683
28.02		98626.20		227.12		684
28.02		98632.52		226.58		685
28.02		98625.91		227.14		686
28.03		98627.17		227.03		687
28.03		98628.34		226.93		688
28.02		98631.84		226.64		689
28.02		98629.71		226.82		690
28.02		98631.27		226.68		691
28.02		98629.73		226.82		692
28.02		98622.27		227.45		693
28.02		98628.22		226.94		694
28.03		98628.54		226.92		695
28.02		98624.76		227.24		696
28.03		98626.66		227.08		697
28.02		98622.88		227.40		698
28.03		98627.15		227.04		699
28.03		98626.44		227.10		700
28.02		98628.64		226.91		701
28.03		98630.15		226.78		702
28.03		98627.61		227.00		703
28.03		98627.80		226.98		704
28.03		98625.93		227.14		705
28.03		98624.13		227.29		706
28.03		98633.05		226.53		707
28.03		98627.05		227.04		708
28.04		98625.13		227.21		709
28.03		98630.73		226.73		710
28.03		98623.00		227.39		711
28.03		98628.52		226.92		712
28.03		98621.83		227.49		713
28.03		98631.34		226.68		714
28.03		98626.88		227.06		715
28.03		98628.20		226.95		716
28.03		98619.99		227.64		717
28.03		98625.41		227.18		718
28.03		98624.39		227.27		719
28.04		98629.86		226.81		720
28.04		98629.86		226.81		721
28.03		98626.63		227.08		722
28.03		98625.41		227.18		723
28.04		98627.30		227.02		724
28.04		98629.78		226.81		725
28.03		98631.84		226.64		726
28.04		98625.66		227.16		727
28.03		98624.00		227.30		728
28.03		98627.22		227.03		729
28.04		98626.02		227.13		730
28.03		98624.93		227.22		731
28.04		98627.71		226.99		732
28.03		98625.91		227.14		733
28.03		98631.23		226.69		734
28.03		98624.09		227.30		735
28.03		98624.78		227.24		736
28.04		98634.16		226.44		737
28.04		98634.18		226.44		738
28.03		98631.23		226.69		739
28.03		98624.93		227.22		740
28.04		98623.14		227.38		741
28.03		98626.17		227.12		742
28.03		98624.05		227.30		743
28.04		98629.37		226.85		744
28.03		98631.23		226.69		745
28.03		98628.39		226.93		746
28.03		98631.81		226.64		747
28.03		98630.01		226.79		748
28.03		98624.17		227.29		749
28.04		98628.93		226.88		750
28.03		98627.64		226.99		751
28.03		98628.88		226.89		752
28.03		98625.80		227.15		753
28.03		98626.00		227.13		754
28.03		98629.59		226.83		755
28.03		98624.98		227.22		756
28.03		98620.14		227.63		757
28.03		98629.45		226.84		758
28.03		98630.52		226.75		759
28.03		98626.83		227.06		760
28.04		98625.22		227.20		761
28.04		98628.95		226.88		762
28.03		98623.22		227.37		763
28.03		98624.52		227.26		764
28.04		98626.98		227.05		765
28.04		98630.15		226.78		766
28.04		98622.70		227.41		767
28.03		98627.34		227.02		768
28.04		98621.29		227.53		769
28.04		98627.44		227.01		770
28.04		98621.61		227.51		771
28.03		98627.39		227.01		772
28.03		98622.92		227.39		773
28.04		98625.85		227.15		774
28.03		98624.44		227.27		775
28.04		98629.78		226.81		776
28.03		98624.78		227.24		777
28.03		98629.69		226.82		778
28.03		98631.96		226.63		779
28.04		98628.37		226.93		780
28.03		98631.52		226.66		781
28.03		98618.34		227.79		782
28.03		98628.08		226.96		783
28.03		98622.02		227.47		784
28.03		98625.78		227.15		785
28.03		98625.98		227.14		786
28.03		98626.88		227.06		787
28.03		98622.36		227.44		788
28.03		98626.22		227.11		789
28.03		98627.93		226.97		790
28.04		98622.22		227.46		791
28.04		98626.54		227.09		792
28.03		98618.14		227.80		793
28.03		98628.10		226.95		794
28.03		98624.95		227.22		795
28.04		98625.46		227.18		796
28.04		98623.37		227.36		797
28.04		98625.98		227.14		798
28.04		98622.70		227.41		799
28.04		98626.24		227.11		800
28.04		98627.73		226.99		801
28.03		98624.44		227.27		802
28.03		98623.41		227.35		803
28.04		98629.15		226.87		804
28.04		98624.09		227.30		805
28.03		98627.20		227.03		806
28.03		98626.00		227.13		807
28.03		98628.52		226.92		808
28.04		98625.76		227.15		809
28.03		98624.02		227.30		810
28.03		98624.22		227.28		811
28.03		98627.00		227.05		812
28.03		98626.98		227.05		813
28.03		98628.73		226.90		814
28.02		98626.93		227.05		815
28.03		98627.02		227.05		816
28.02		98623.20		227.37		817
28.02		98626.80		227.06		818
28.02		98619.75		227.66		819
28.02		98623.73		227.33		820
28.02		98626.44		227.10		821
28.03		98624.09		227.30		822
28.02		98627.98		226.96		823
28.03		98627.69		226.99		824
28.03		98624.27		227.28		825
28.03		98624.02		227.30		826
28.03		98625.66		227.16		827
28.03		98614.28		228.13		828
28.03		98623.56		227.34		829
28.03		98622.75		227.41		830
28.03		98628.25		226.94		831
28.04		98627.32		227.02		832
28.03		98631.47		226.67		833
28.03		98623.20		227.37		834
28.03		98624.80		227.24		835
28.03		98625.71		227.16		836
28.03		98623.61		227.34		837
28.02		98625.59		227.17		838
28.02		98628.25		226.94		839
28.02		98627.34		227.02		840
28.03		98624.93		227.22		841
28.03		98622.92		227.39		842
28.03		98624.54		227.26		843
28.03		98625.27		227.20		844
28.03		98623.14		227.38		845
28.03		98626.34		227.10		846
28.03		98623.27		227.37		847
28.03		98621.36		227.53		848
28.03		98623.09		227.38		849
28.03		98625.20		227.20		850
28.03		98626.10		227.12		851
28.03		98621.90		227.48		852
28.03		98623.34		227.36		853
28.03		98618.14		227.80		854
28.03		98620.09		227.64		855
28.03		98625.85		227.15		856
28.03		98621.09		227.55		857
28.03		98623.90		227.31		858
28.03		98619.99		227.64		859
28.03		98627.95		226.97		860
28.04		98616.04		227.98		861
28.04		98629.71		226.82		862
28.04		98628.93		226.88		863
28.04		98628.13		226.95		864
28.04		98626.86		227.06		865
28.04		98624.98		227.22		866
28.04		98624.98		227.22		867
28.04		98627.93		226.97		868
28.04		98625.30		227.19		869
28.03		98628.59		226.91		870
28.04		98625.93		227.14		871
28.04		98631.20		226.69		872
28.04		98627.02		227.05		873
28.05		98621.85		227.49		874
28.04		98620.07		227.64		875
28.04		98619.48		227.69		876
28.04		98625.83		227.15		877
28.04		98624.63		227.25		878
28.04		98623.20		227.37		879
28.04		98624.88		227.23		880
28.04		98627.95		226.97		881
28.05		98624.61		227.25		882
28.04		98619.41		227.69		883
28.04		98628.73		226.90		884
28.04		98625.41		227.18		885
28.04		98623.56		227.34		886
28.05		98628.84		226.89		887
28.04		98624.13		227.29		888
28.05		98625.00		227.22		889
28.05		98621.14		227.55		890
28.05		98623.17		227.37		891
28.04		98625.73		227.16		892
28.05		98620.24		227.62		893
28.04		98621.19		227.54		894
28.05		98620.48		227.60		895
28.04		98622.02		227.47		896
28.04		98622.12		227.46		897
28.04		98627.30		227.02		898
28.05		98624.52		227.26		899
28.04		98620.38		227.61		900
28.04		98627.05		227.04		901
28.04		98622.00		227.47		902
28.05		98624.54		227.26		903
28.05		98625.46		227.18		904
28.05		98626.73		227.07		905
28.04		98620.58		227.59		906
28.05		98624.98		227.22		907
28.05		98622.68		227.42		908
28.05		98619.46		227.69		909
28.05		98626.32		227.11		910
28.05		98624.59		227.25		911
28.05		98624.44		227.27		912
28.04		98620.05		227.64		913
28.05		98621.58		227.51		914
28.05		98625.30		227.19		915
28.05		98620.07		227.64		916
28.05		98623.07		227.38		917
28.04		98624.56		227.26		918
28.05		98618.43		227.78		919
28.05		98625.73		227.16		920
28.05		98624.34		227.27		921
28.05		98623.70		227.33		922
28.05		98622.29		227.45		923
28.05		98617.60		227.85		924
28.05		98623.73		227.33		925
28.05		98621.85		227.49		926
28.05		98625.73		227.16		927
28.05		98625.13		227.21		928
28.05		98620.97		227.56		929
28.05		98623.20		227.37		930
28.06		98621.02		227.56		931
28.06		98620.05		227.64		932
28.06		98622.61		227.42		933
28.05		98623.20		227.37		934
28.06		98625.56		227.17		935
28.06		98623.20		227.37		936
28.06		98624.44		227.27		937
28.05		98624.37		227.27		938
28.06		98627.56		227.00		939
28.06		98625.05		227.21		940
28.05		98620.68		227.59		941
28.06		98623.00		227.39		942
28.06		98625.73		227.16		943
28.06		98621.14		227.55		944
28.06		98619.23		227.71		945
28.06		98624.46		227.26		946
28.05		98624.09		227.30		947
28.06		98618.97		227.73		948
28.06		98622.53		227.43		949
28.06		98619.34		227.70		950
28.06		98630.15		226.78		951
28.06		98624.34		227.27		952
28.06		98626.56		227.09		953
28.05		98620.46		227.60		954
28.06		98626.66		227.08		955
28.05		98619.70		227.67		956
28.05		98622.27		227.45		957
28.05		98620.12		227.63		958
28.05		98623.80		227.32		959
28.05		98619.07		227.72		960
28.05		98624.00		227.30		961
28.04		98625.44		227.18		962
28.04		98622.31		227.45		963
28.05		98619.19		227.71		964
28.04		98623.61		227.34		965
28.04		98620.36		227.61		966
28.05		98622.88		227.40		967
28.05		98622.41		227.44		968
28.05		98623.46		227.35		969
28.04		98622.51		227.43		970
28.04		98629.98		226.79		971
28.04		98619.73		227.67		972
28.05		98619.55		227.68		973
28.04		98621.83		227.49		974
28.04		98627.52		227.00		975
28.04		98619.14		227.72		976
28.04		98621.80		227.49		977
28.04		98624.91		227.23		978
28.03		98616.36		227.95		979
28.04		98624.95		227.22		980
28.04		98619.88		227.65		981
28.04		98621.14		227.55		982
28.03		98621.36		227.53		983
28.03		98618.06		227.81		984
28.03		98614.43		228.12		985
28.04		98626.39		227.10		986
28.04		98624.15		227.29		987
28.03		98621.22		227.54		988
28.04		98622.92		227.39		989
28.03		98623.05		227.38		990
28.03		98622.83		227.40		991
28.03		98624.70		227.24		992
28.04		98624.66		227.25		993
28.03		98618.27		227.79		994
28.03		98621.34		227.53		995
28.03		98623.98		227.31		996
28.03		98621.02		227.56		997
28.03		98625.34		227.19		998
28.03		98625.73		227.16		999
28.03		98619.05		227.72		1000
28.03		98628.76		226.90		1001
28.03		98622.68		227.42		1002
28.03		98625.13		227.21		1003
28.03		98629.56		226.83		1004
28.03		98620.14		227.63		1005
28.03		98622.00		227.47		1006
28.03		98623.22		227.37		1007
28.03		98619.53		227.68		1008
28.03		98621.27		227.54		1009
28.04		98619.19		227.71		1010
28.03		98622.59		227.42		1011
28.04		98623.20		227.37		1012
28.04		98624.27		227.28		1013
28.03		98618.43		227.78		1014
28.04		98623.51		227.35		1015
28.04		98617.60		227.85		1016
28.03		98620.95		227.56		1017
28.04		98627.17		227.03		1018
28.04		98624.54		227.26		1019
28.03		98626.34		227.10		1020
28.04		98625.32		227.19		1021
28.04		98628.42		226.93		1022
28.04		98626.80		227.06		1023
28.04		98622.31		227.45		1024
28.04		98621.90		227.48		1025
28.04		98623.27		227.37		1026
28.04		98622.56		227.43		1027
28.04		98620.09		227.64		1028
28.04		98630.47		226.75		1029
28.04		98620.85		227.57		1030
28.04		98629.32		226.85		1031
28.04		98626.91		227.06		1032
28.04		98624.39		227.27		1033
28.04		98628.91		226.89		1034
28.04		98619.29		227.70		1035
28.04		98619.80		227.66		1036
28.04		98620.19		227.63		1037
28.04		98614.94		228.07		1038
28.04		98625.46		227.18		1039
28.04		98625.39		227.19		1040
28.04		98618.16		227.80		1041
28.04		98621.73		227.50		1042
28.04		98625.27		227.20		1043
28.04		98622.63		227.42		1044
28.05		98619.73		227.67		1045
28.05		98625.93		227.14		1046
28.05		98625.83		227.15		1047
28.05		98622.09		227.47		1048
28.05		98610.96		228.41		1049
28.05		98622.66		227.42		1050
28.05		98623.27		227.37		1051
28.05		98625.56		227.17		1052
28.05		98622.70		227.41		1053
28.05		98619.09		227.72		1054
28.05		98618.99		227.73		1055
28.05		98623.34		227.36		1056
28.05		98623.95		227.31		1057
28.05		98625.83		227.15		1058
28.05		98624.05		227.30		1059
28.05		98619.19		227.71		1060
28.05		98624.48		227.26		1061
28.05		98621.90		227.48		1062
28.05		98628.59		226.91		1063
28.05		98620.31		227.62		1064
28.05		98621.41		227.52		1065
28.05		98627.98		226.96		1066
28.05		98620.12		227.63		1067
28.05		98625.27		227.20		1068
28.05		98622.63		227.42		1069
28.06		98625.91		227.14		1070
28.05		98621.02		227.56		1071
28.06		98628.42		226.93		1072
28.06		98621.46		227.52		1073
28.05		98624.29		227.28		1074
28.06		98630.10		226.78		1075
28.06		98626.24		227.11		1076
28.06		98628.88		226.89		1077
28.06		98624.00		227.30		1078
28.06		98624.39		227.27		1079
28.06		98620.90		227.57		1080
28.06		98625.63		227.16		1081
28.05		98617.12		227.89		1082
28.06		98623.12		227.38		1083
28.05		98617.75		227.84		1084
28.06		98624.93		227.22		1085
28.05		98622.53		227.43		1086
28.06		98627.59		227.00		1087
28.05		98623.90		227.31		1088
28.06		98620.31		227.62		1089
28.06		98627.69		226.99		1090
28.06		98622.80		227.41		1091
28.06		98622.75		227.41		1092
28.05		98622.88		227.40		1093
28.05		98624.95		227.22		1094
28.06		98625.34		227.19		1095
28.05		98621.29		227.53		1096
28.06		98624.44		227.27		1097
28.05		98623.46		227.35		1098
28.05		98622.68		227.42		1099
28.06		98624.20		227.29		1100
28.05		98623.68		227.33		1101
28.05		98625.59		227.17		1102
28.05		98625.56		227.17		1103
28.06		98624.27		227.28		1104
28.05		98622.09		227.47		1105
28.06		98626.98		227.05		1106
28.06		98626.73		227.07		1107
28.06		98629.30		226.85		1108
28.06		98621.75		227.49		1109
28.06		98624.48		227.26		1110
28.06		98624.85		227.23		1111
28.06		98627.44		227.01		1112
28.06		98628.15		226.95		1113
28.05		98625.07		227.21		1114
28.05		98622.12		227.46		1115
28.06		98624.54		227.26		1116
28.05		98618.95		227.73		1117
28.06		98628.71		226.90		1118
28.05		98625.20		227.20		1119
28.06		98626.20		227.12		1120
28.05		98623.41		227.35		1121
28.06		98624.95		227.22		1122
28.06		98624.07		227.30		1123
28.06		98627.13		227.04		1124
28.06		98619.92		227.65		1125
28.06		98615.09		228.06		1126
28.06		98622.95		227.39		1127
28.06		98627.41		227.01		1128
28.06		98624.27		227.28		1129
28.07		98628.66		226.91		1130
28.06		98628.86		226.89		1131
28.06		98625.24		227.20		1132
28.06		98628.42		226.93		1133
28.06		98628.54		226.92		1134
28.06		98628.93		226.88		1135
28.06		98624.20		227.29		1136
28.06		98625.15		227.21		1137
28.06		98627.88		226.97		1138
28.06		98633.25		226.52		1139
28.06		98623.53		227.34		1140
28.06		98623.46		227.35		1141
28.06		98625.63		227.16		1142
28.06		98631.32		226.68		1143
28.06		98629.03		226.88		1144
28.06		98627.52		227.00		1145
28.06		98626.00		227.13		1146
28.06		98623.17		227.37		1147
28.05		98626.71		227.07		1148
28.06		98625.32		227.19		1149
28.05		98625.52		227.17		1150
28.05		98621.46		227.52		1151
28.05		98620.12		227.63		1152
28.05		98623.76		227.32		1153
28.05		98623.56		227.34		1154
28.06		98622.39		227.44		1155
28.06		98625.37		227.19		1156
28.06		98626.17		227.12		1157
28.06		98621.27		227.54		1158
28.06		98624.17		227.29		1159
28.05		98621.05		227.55		1160
28.06		98622.41		227.44		1161
28.06		98625.07		227.21		1162
28.06		98627.20		227.03		1163
28.06		98622.48		227.43		1164
28.06		98624.66		227.25		1165
28.06		98617.63		227.85		1166
28.05		98625.22		227.20		1167
28.05		98623.24		227.37		1168
28.05		98628.30		226.94		1169
28.04		98626.41		227.10		1170
28.05		98622.59		227.42		1171
28.05		98622.95		227.39		1172
28.05		98625.24		227.20		1173
28.05		98625.80		227.15		1174
28.05		98629.13		226.87		1175
28.05		98623.37		227.36		1176
28.05		98623.78		227.32		1177
28.05		98618.68		227.76		1178
28.05		98624.91		227.23		1179
28.05		98627.61		227.00		1180
28.05		98623.90		227.31		1181
28.06		98626.39		227.10		1182
28.06		98624.27		227.28		1183
28.06		98623.68		227.33		1184
28.05		98625.52		227.17		1185
28.06		98625.09		227.21		1186
28.05		98620.41		227.61		1187
28.05		98630.25		226.77		1188
28.05		98624.80		227.24		1189
28.05		98626.80		227.06		1190
28.05		98619.73		227.67		1191
28.04		98616.36		227.95		1192
28.05		98621.85		227.49		1193
28.05		98625.76		227.15		1194
28.05		98625.80		227.15		1195
28.05		98625.13		227.21		1196
28.05		98621.27		227.54		1197
28.05		98624.52		227.26		1198
28.05		98629.03		226.88		1199
28.05		98627.86		226.98		1200
28.05		98628.00		226.96		1201
28.05		98619.21		227.71		1202
28.05		98624.83		227.23		1203
28.05		98628.08		226.96		1204
28.05		98621.39		227.53		1205
28.05		98624.41		227.27		1206
28.05		98625.61		227.17		1207
28.05		98624.54		227.26		1208
28.05		98627.56		227.00		1209
28.05		98622.02		227.47		1210
28.05		98622.66		227.42		1211
28.05		98625.07		227.21		1212
28.05		98628.05		226.96		1213
28.05		98627.47		227.01		1214
28.06		98620.92		227.57		1215
28.06		98621.80		227.49		1216
28.05		98627.54		227.00		1217
28.05		98629.54		226.83		1218
28.06		98629.23		226.86		1219
28.05		98626.91		227.06		1220
28.06		98628.00		226.96		1221
28.05		98616.92		227.91		1222
28.05		98620.24		227.62		1223
28.06		98629.39		226.85		1224
28.05		98624.78		227.24		1225
28.05		98623.51		227.35		1226
28.06		98625.78		227.15		1227
28.06		98626.47		227.09		1228
28.06		98627.39		227.01		1229
28.06		98622.44		227.44		1230
28.05		98623.46		227.35		1231
28.05		98625.09		227.21		1232
28.05		98625.95		227.14		1233
28.05		98630.84		226.72		1234
28.05		98624.00		227.30		1235
28.05		98625.22		227.20		1236
28.05		98627.22		227.03		1237
28.06		98625.83		227.15		1238
28.05		98620.63		227.59		1239
28.05		98623.44		227.35		1240
28.06		98623.53		227.34		1241
28.05		98624.54		227.26		1242
28.05		98627.64		226.99		1243
28.05		98623.09		227.38		1244
28.06		98622.00		227.47		1245
28.05		98625.88		227.14		1246
28.06		98632.05		226.62		1247
28.05		98624.73		227.24		1248
28.05		98627.59		227.00		1249
28.05		98628.25		226.94		1250
28.06		98623.22		227.37		1251
28.05		98628.32		226.94		1252
28.05		98631.01		226.71		1253
28.05		98627.91		226.97		1254
28.06		98629.62		226.83		1255
28.06		98626.69		227.07		1256
28.06		98624.70		227.24		1257
28.05		98619.07		227.72		1258
28.06		98622.75		227.41		1259
28.06		98630.05		226.79		1260
28.06		98630.47		226.75		1261
28.06		98631.08		226.70		1262
28.06		98623.59		227.34		1263
28.06		98625.37		227.19		1264
28.06		98627.08		227.04		1265
28.06		98626.54		227.09		1266
28.06		98625.41		227.18		1267
28.06		98626.71		227.07		1268
28.06		98632.03		226.62		1269
28.06		98625.91		227.14		1270
28.06		98627.08		227.04		1271
28.06		98627.41		227.01		1272
28.06		98630.30		226.77		1273
28.07		98631.40		226.67		1274
28.06		98627.08		227.04		1275
28.06		98625.34		227.19		1276
28.06		98624.00		227.30		1277
28.06		98631.98		226.62		1278
28.06		98624.27		227.28		1279
28.06		98627.32		227.02		1280
28.06		98625.37		227.19		1281
28.06		98625.83		227.15		1282
28.06		98630.42		226.76		1283
28.06		98626.32		227.11		1284
28.06		98629.39		226.85		1285
28.06		98626.73		227.07		1286
28.06		98614.80		228.09		1287
28.06		98619.68		227.67		1288
28.06		98625.15		227.21		1289
28.06		98627.44		227.01		1290
28.06		98626.80		227.06		1291
28.06		98626.54		227.09		1292
28.06		98628.32		226.94		1293
28.06		98628.39		226.93		1294
28.06		98627.54		227.00		1295
28.05		98626.10		227.12		1296
28.05		98623.22		227.37		1297
28.05		98621.00		227.56		1298
28.06		98625.98		227.14		1299
28.05		98625.05		227.21		1300
28.06		98628.64		226.91		1301
28.05		98624.59		227.25		1302
28.06		98629.76		226.81		1303
28.06		98623.31		227.36		1304
28.06		98629.54		226.83		1305
28.06		98631.25		226.69		1306
28.06		98626.05		227.13		1307
28.05		98625.95		227.14		1308
28.06		98629.45		226.84		1309
28.06		98630.10		226.78		1310
28.06		98626.61		227.08		1311
28.06		98621.63		227.50		1312
28.06		98631.73		226.65		1313
28.06		98627.54		227.00		1314
28.06		98623.76		227.32		1315
28.06		98621.19		227.54		1316
28.05		98625.20		227.20		1317
28.06		98623.85		227.32		1318
28.06		98632.30		226.60		1319
28.06		98623.66		227.33		1320
28.05		98623.85		227.32		1321
28.06		98630.79		226.73		1322
28.06		98623.27		227.37		1323
28.06		98630.20		226.78		1324
28.05		98622.80		227.41		1325
28.05		98627.98		226.96		1326
28.05		98623.31		227.36		1327
28.05		98624.76		227.24		1328
28.05		98617.58		227.85		1329
28.05		98622.41		227.44		1330
28.05		98621.14		227.55		1331
28.06		98625.27		227.20		1332
28.06		98620.44		227.61		1333
28.06		98626.86		227.06		1334
28.06		98617.95		227.82		1335
28.06		98629.13		226.87		1336
28.06		98624.22		227.28		1337
28.06		98627.15		227.04		1338
28.06		98632.42		226.59		1339
28.06		98626.95		227.05		1340
28.06		98629.98		226.79		1341
28.06		98626.30		227.11		1342
28.06		98630.64		226.74		1343
28.06		98627.78		226.98		1344
28.06		98621.95		227.48		1345
28.06		98625.39		227.19		1346
28.06		98630.86		226.72		1347
28.06		98627.95		226.97		1348
28.07		98634.67		226.40		1349
28.06		98628.84		226.89		1350
28.06		98623.53		227.34		1351
28.06		98625.37		227.19		1352
28.06		98628.86		226.89		1353
28.07		98625.05		227.21		1354
28.06		98630.81		226.72		1355
28.07		98627.20		227.03		1356
28.06		98629.71		226.82		1357
28.06		98626.44		227.10		1358
28.06		98628.20		226.95		1359
28.06		98629.15		226.87		1360
28.06		98627.17		227.03		1361
28.06		98629.56		226.83		1362
28.06		98623.27		227.37		1363
28.06		98626.00		227.13		1364
28.07		98627.91		226.97		1365
28.06		98625.13		227.21		1366
28.06		98630.69		226.73		1367
28.06		98623.31		227.36		1368
28.07		98631.55		226.66		1369
28.07		98626.27		227.11		1370
28.07		98629.00		226.88		1371
28.07		98621.58		227.51		1372
28.07		98626.20		227.12		1373
28.07		98628.32		226.94		1374
28.07		98634.59		226.40		1375
28.07		98631.30		226.68		1376
28.07		98629.62		226.83		1377
28.07		98629.73		226.82		1378
28.07		98627.73		226.99		1379
28.07		98626.66		227.08		1380
28.07		98632.33		226.59		1381
28.08		98630.42		226.76		1382
28.07		98628.25		226.94		1383
28.07		98625.63		227.16		1384
28.07		98628.00		226.96		1385
28.07		98629.15		226.87		1386
28.07		98625.66		227.16		1387
28.07		98627.34		227.02		1388
28.08		98632.77		226.56		1389
28.07		98625.44		227.18		1390
28.07		98624.56		227.26		1391
28.07		98629.30		226.85		1392
28.07		98634.13		226.44		1393
28.07		98627.30		227.02		1394
28.07		98634.35		226.42		1395
28.07		98631.81		226.64		1396
28.07		98629.08		226.87		1397
28.07		98627.80		226.98		1398
28.07		98632.88		226.55		1399
28.07		98633.16		226.52		1400
28.07		98630.79		226.73		1401
28.07		98633.16		226.52		1402
28.07		98632.35		226.59		1403
28.06		98629.27		226.85		1404
28.07		98635.18		226.35		1405
28.06		98632.62		226.57		1406
28.07		98629.32		226.85		1407
28.07		98623.46		227.35		1408
28.07		98631.30		226.68		1409
28.07		98632.27		226.60		1410
28.07		98631.79		226.64		1411
28.07		98631.59		226.66		1412
28.07		98629.08		226.87		1413
28.07		98632.03		226.62		1414
28.07		98630.32		226.77		1415
28.07		98632.01		226.62		1416
28.06		98627.91		226.97		1417
28.07		98632.25		226.60		1418
28.07		98632.96		226.54		1419
28.07		98625.83		227.15		1420
28.07		98636.38		226.25		1421
28.07		98628.98		226.88		1422
28.07		98632.01		226.62		1423
28.07		98633.16		226.52		1424
28.07		98624.93		227.22		1425
28.08		98630.56		226.75		1426
28.07		98634.74		226.39		1427
28.08		98631.62		226.66		1428
28.07		98632.03		226.62		1429
28.08		98637.30		226.17		1430
28.07		98630.40		226.76		1431
28.07		98624.91		227.23		1432
28.07		98630.98		226.71		1433
28.07		98629.25		226.86		1434
28.07		98627.00		227.05		1435
28.08		98628.39		226.93		1436
28.08		98624.17		227.29		1437
28.08		98626.76		227.07		1438
28.08		98632.25		226.60		1439
28.07		98626.05		227.13		1440
28.08		98635.23		226.35		1441
28.08		98632.52		226.58		1442
28.08		98630.38		226.76		1443
28.08		98630.84		226.72		1444
28.08		98634.23		226.43		1445
28.08		98627.22		227.03		1446
28.08		98632.55		226.58		1447
28.08		98632.69		226.56		1448
28.08		98632.66		226.57		1449
28.08		98632.77		226.56		1450
28.08		98631.49		226.67		1451
28.08		98631.86		226.63		1452
28.08		98631.05		226.70		1453
28.07		98629.17		226.86		1454
28.07		98632.33		226.59		1455
28.07		98623.56		227.34		1456
28.07		98630.32		226.77		1457
28.08		98630.69		226.73		1458
28.08		98631.23		226.69		1459
28.08		98633.03		226.53		1460
28.08		98629.27		226.85		1461
28.08		98629.66		226.82		1462
28.08		98628.91		226.89		1463
28.07		98629.49		226.84		1464
28.08		98630.49		226.75		1465
28.07		98626.59		227.08		1466
28.08		98624.59		227.25		1467
28.07		98628.32		226.94		1468
28.08		98631.23		226.69		1469
28.08		98631.64		226.65		1470
28.07		98627.86		226.98		1471
28.07		98629.13		226.87		1472
28.07		98628.13		226.95		1473
28.07		98635.20		226.35		1474
28.06		98630.15		226.78		1475
28.07		98630.54		226.75		1476
28.07		98630.81		226.72		1477
28.07		98628.45		226.93		1478
28.08		98633.52		226.49		1479
28.08		98631.52		226.66		1480
28.07		98625.46		227.18		1481
28.07		98625.07		227.21		1482
28.07		98627.02		227.05		1483
28.07		98629.30		226.85		1484
28.07		98629.84		226.81		1485
28.07		98628.76		226.90		1486
28.07		98631.66		226.65		1487
28.08		98628.08		226.96		1488
28.07		98628.52		226.92		1489
28.07		98631.30		226.68		1490
28.08		98627.83		226.98		1491
28.07		98627.64		226.99		1492
28.07		98628.73		226.90		1493
28.08		98625.17		227.20		1494
28.08		98634.84		226.38		1495
28.08		98630.49		226.75		1496
28.08		98631.57		226.66		1497
28.07		98629.30		226.85		1498
28.08		98631.25		226.69		1499
28.08		98624.37		227.27		1500
28.08		98628.13		226.95		1501
28.08		98630.66		226.74		1502
28.08		98634.18		226.44		1503
28.08		98631.88		226.63		1504
28.08		98633.45		226.50		1505
28.08		98627.27		227.02		1506
28.08		98629.81		226.81		1507
28.08		98632.81		226.55		1508
28.08		98630.47		226.75		1509
28.08		98621.29		227.53		1510
28.08		98627.64		226.99		1511
28.08		98629.81		226.81		1512
28.08		98631.49		226.67		1513
28.07		98628.52		226.92		1514
28.08		98630.42		226.76		1515
28.08		98625.30		227.19		1516
28.08		98629.39		226.85		1517
28.08		98627.15		227.04		1518
28.08		98629.30		226.85		1519
28.08		98629.49		226.84		1520
28.08		98633.13		226.53		1521
28.07		98626.76		227.07		1522
28.07		98631.47		226.67		1523
28.08		98631.62		226.66		1524
28.07		98625.95		227.14		1525
28.07		98632.10		226.61		1526
28.07		98624.91		227.23		1527
