26.58		98259.09		258.40		3
26.62		98258.75		258.43		4
26.63		98258.45		258.45		5
26.64		98257.91		258.50		6
26.65		98259.11		258.40		7
26.65		98261.82		258.16		8
26.65		98258.16		258.48		9
26.65		98259.52		258.36		10
26.65		98259.52		258.36		11
26.65		98258.16		258.82		12
26.65		98255.85		258.41		13
26.65		98258.16		258.48		14
26.65		98258.56		258.44		15
26.65		98255.85		258.67		16
26.65		98257.61		258.52		17
26.66		98258.41		258.45		18
26.66		98259.77		258.34		19
26.66		98258.41		258.45		20
26.66		98255.70		258.69		21
26.66		98260.17		258.30		22
26.67		98254.20		258.81		23
26.66		98257.06		258.57		24
26.66		98254.34		258.80		25
26.66		98259.77		258.34		26
26.66		98255.70		258.69		27
26.66		98258.41		258.45		28
26.66		98254.75		258.77		29
26.66		98260.17		258.30		30
26.66		98261.52		258.19		31
26.66		98262.88		258.08		32
26.66		98255.70		258.69		33
26.66		98264.23		257.96		34
26.66		98260.17		258.30		35
26.66		98259.77		258.34		36
26.66		98257.06		258.57		37
26.66		98254.75		258.77		38
26.66		98262.48		258.11		39
26.66		98257.46		258.54		40
26.66		98261.13		258.22		41
26.66		98256.11		258.65		42
26.67		98258.27		258.47		43
26.66		98259.77		258.34		44
26.66		98256.11		258.65		45
26.66		98260.17		258.30		46
26.66		98261.52		258.19		47
26.66		98258.81		258.42		48
26.66		98261.92		258.16		49
26.66		98254.75		258.77		50
26.66		98259.22		258.39		51
26.66		98256.51		258.62		52
26.66		98253.40		258.88		53
26.66		98260.17		258.30		54
26.66		98261.52		258.19		55
26.66		98259.77		258.34		56
26.66		98261.13		258.22		57
26.66		98260.17		258.30		58
26.66		98259.77		258.34		59
26.66		98255.70		258.69		60
26.66		98259.36		258.38		61
26.66		98257.06		258.57		62
26.66		98256.11		258.65		63
26.66		98258.41		258.45		64
26.66		98261.52		258.19		65
26.66		98264.23		257.96		66
26.66		98254.34		258.80		67
26.66		98257.46		258.54		68
26.66		98254.34		258.80		69
26.66		98257.06		258.57		70
26.66		98255.30		258.72		71
26.66		98259.77		258.34		72
26.65		98261.67		258.18		73
26.65		98262.63		258.10		74
26.65		98257.61		258.52		75
26.65		98257.61		258.52		76
26.66		98258.01		258.49		77
26.65		98255.85		258.67		78
26.65		98249.48		259.22		79
26.65		98252.19		258.99		80
26.65		98252.19		258.99		81
26.65		98254.90		258.76		82
26.66		98252.59		258.95		83
26.65		98257.61		258.52		84
26.65		98254.90		258.76		85
26.65		98252.19		258.99		86
26.65		98254.50		258.79		87
26.66		98257.06		258.57		88
26.66		98256.66		258.61		89
26.66		98256.66		258.61		90
26.65		98258.97		258.41		91
26.66		98251.23		259.07		92
26.66		98256.66		258.61		93
26.66		98255.30		258.72		94
26.65		98253.55		258.87		95
26.66		98257.06		258.61		96
26.66		98256.66		258.61		97
26.66		98255.30		258.49		98
26.66		98257.06		258.57		99
26.65		98250.84		259.10		100
26.65		98253.55		258.87		101
26.66		98253.00		258.92		102
26.66		98258.01		258.49		103
26.65		98254.09		258.82		104
26.65		98258.56		258.44		105
26.65		98256.25		258.64		106
26.65		98254.90		258.76		107
26.65		98258.97		258.41		108
26.66		98258.41		258.45		109
26.66		98253.95		258.84		110
26.66		98253.95		258.84		111
26.65		98257.61		258.52		112
26.66		98258.41		258.45		113
26.66		98259.77		258.34		114
26.66		98253.95		258.84		115
26.66		98255.70		258.69		116
26.66		98257.46		258.54		117
26.66		98248.93		259.26		118
26.66		98255.70		258.69		119
26.66		98251.64		259.03		120
26.66		98254.34		258.80		121
26.66		98257.06		258.57		122
26.66		98258.41		258.45		123
26.66		98256.66		258.61		124
26.66		98257.06		258.57		125
26.66		98258.01		258.49		126
26.66		98256.66		258.61		127
26.66		98253.95		258.84		128
26.65		98256.80		258.59		129
26.66		98252.59		258.95		130
26.65		98254.50		258.79		131
26.65		98257.61		258.52		132
26.65		98257.20		258.56		133
26.65		98256.80		258.59		134
26.65		98256.25		258.64		135
26.66		98251.23		259.07		136
26.65		98254.90		258.76		137
26.65		98253.55		258.87		138
26.65		98260.32		258.29		139
26.65		98256.25		258.64		140
26.65		98262.63		258.10		141
26.65		98250.44		259.14		142
26.65		98254.90		258.76		143
26.65		98247.73		259.37		144
26.65		98259.52		258.36		145
26.65		98252.73		258.94		146
26.65		98254.50		258.79		147
26.65		98256.80		258.59		148
26.65		98255.85		258.67		149
26.65		98254.50		258.79		150
26.65		98253.69		258.86		151
26.65		98254.90		258.76		152
26.65		98255.85		258.67		153
26.65		98251.39		259.05		154
26.65		98248.27		259.32		155
26.65		98250.98		259.09		156
26.65		98256.41		258.63		157
26.65		98255.45		258.71		158
26.65		98257.20		258.56		159
26.65		98255.45		258.71		160
26.65		98255.85		258.67		161
26.65		98255.45		258.71		162
26.65		98255.85		258.67		163
26.65		98250.03		259.17		164
26.65		98251.79		259.02		165
26.65		98257.61		258.52		166
26.66		98259.36		258.38		167
26.65		98253.55		258.87		168
26.65		98258.16		258.48		169
26.65		98254.09		258.82		170
26.65		98255.05		258.74		171
26.65		98246.92		259.44		172
26.65		98253.14		258.91		173
26.65		98258.56		258.44		174
26.65		98254.50		258.79		175
26.65		98254.50		258.79		176
26.65		98253.14		258.91		177
26.65		98246.38		259.48		178
26.65		98246.77		259.45		179
26.65		98240.95		260.06		180
26.65		98245.02		259.02		181
26.65		98254.50		258.91		182
26.65		98257.20		258.56		183
26.65		98254.90		258.76		184
26.65		98257.61		258.52		185
26.65		98255.45		258.71		186
26.65		98254.50		258.79		187
26.65		98256.80		258.59		188
26.65		98261.27		258.21		189
26.65		98255.45		258.71		190
26.65		98256.80		258.59		191
26.65		98257.20		258.56		192
26.65		98257.20		258.56		193
26.65		98252.19		258.99		194
26.65		98254.09		258.82		195
26.65		98258.56		258.44		196
26.65		98245.02		259.60		197
26.65		98240.00		260.03		198
26.65		98237.44		260.25		199
26.65		98247.32		259.40		200
26.65		98254.09		258.82		201
26.65		98253.69		258.86		202
26.65		98258.16		258.48		203
26.65		98253.14		258.91		204
26.65		98260.87		258.25		205
26.65		98261.27		258.21		206
26.65		98258.16		258.48		207
26.64		98253.30		258.89		208
26.65		98256.80		258.59		209
26.65		98260.87		258.25		210
26.65		98267.64		257.67		211
26.65		98261.27		258.21		212
26.65		98261.27		258.21		213
26.65		98258.16		258.48		214
26.65		98258.56		258.44		215
26.65		98262.22		258.13		216
26.65		98256.80		258.59		217
26.65		98257.61		258.52		218
26.65		98254.09		258.82		219
26.65		98255.85		258.67		220
26.65		98252.34		258.97		221
26.65		98254.09		258.82		222
26.65		98256.80		258.59		223
26.65		98254.50		258.79		224
26.65		98252.34		258.97		225
26.65		98255.85		258.67		226
26.65		98257.75		258.51		227
26.65		98255.85		258.67		228
26.65		98256.41		258.63		229
26.65		98255.85		258.67		230
26.65		98255.45		258.71		231
26.65		98257.20		258.56		232
26.65		98255.85		258.67		233
26.65		98257.20		258.56		234
26.65		98258.56		258.44		235
26.65		98258.56		258.44		236
26.65		98257.20		258.56		237
26.65		98257.20		258.56		238
26.65		98257.20		258.56		239
26.65		98257.61		258.52		240
26.66		98258.01		258.49		241
26.65		98252.19		258.99		242
26.66		98255.30		258.72		243
26.65		98257.61		258.52		244
26.65		98253.55		258.87		245
26.66		98260.72		258.26		246
26.66		98253.95		258.84		247
26.66		98253.95		258.84		248
26.66		98259.36		258.38		249
26.66		98255.30		258.72		250
26.66		98259.36		258.38		251
26.65		98256.25		258.64		252
26.65		98252.19		258.99		253
26.66		98253.95		258.84		254
26.66		98257.46		258.54		255
26.66		98263.43		258.03		256
26.66		98256.66		258.61		257
26.66		98257.06		258.57		258
26.66		98257.46		258.54		259
26.66		98254.34		258.80		260
26.66		98258.01		258.49		261
26.65		98254.90		258.76		262
26.66		98256.66		258.61		263
26.66		98260.17		258.30		264
26.66		98257.46		258.57		265
26.66		98252.05		258.69		266
26.66		98252.05		258.45		267
26.66		98253.40		258.65		268
26.66		98259.22		258.39		269
26.66		98252.05		259.00		270
26.66		98252.05		259.00		271
26.66		98256.51		258.62		272
26.66		98254.34		258.80		273
26.66		98256.11		258.65		274
26.66		98248.93		259.26		275
26.67		98256.91		258.58		276
26.66		98256.51		258.62		277
26.66		98251.64		259.03		278
26.66		98260.57		258.27		279
26.66		98254.75		258.77		280
26.67		98252.84		258.93		281
26.66		98249.33		259.23		282
26.67		98255.55		258.70		283
26.66		98255.16		258.73		284
26.67		98254.20		258.81		285
26.67		98257.31		258.55		286
26.67		98252.84		258.93		287
26.67		98252.84		258.93		288
26.67		98252.84		258.93		289
26.67		98251.49		259.05		290
26.67		98254.20		258.81		291
26.66		98256.51		258.62		292
26.67		98254.20		258.81		293
26.67		98254.60		258.78		294
26.67		98255.41		258.71		295
26.67		98255.55		258.70		296
26.67		98257.31		258.55		297
26.67		98260.02		258.32		298
26.67		98254.20		258.81		299
26.67		98250.54		259.13		300
26.67		98255.01		258.75		301
26.67		98254.60		258.78		302
26.67		98252.30		258.98		303
26.67		98257.31		258.55		304
26.67		98256.36		258.63		305
26.67		98251.89		259.01		306
26.67		98255.41		258.71		307
26.67		98251.34		259.06		308
26.67		98253.66		258.86		309
26.67		98255.41		258.71		310
26.67		98256.36		258.63		311
26.67		98255.41		258.71		312
26.67		98254.60		258.78		313
26.67		98253.25		258.90		314
26.67		98257.72		258.51		315
26.67		98252.70		258.94		316
26.67		98259.07		258.40		317
26.67		98254.05		258.83		318
26.67		98256.36		258.63		319
26.67		98250.94		259.09		320
26.67		98256.36		258.63		321
26.67		98253.25		258.90		322
26.67		98255.01		258.75		323
26.67		98256.76		258.60		324
26.67		98252.70		258.94		325
26.68		98255.81		258.68		326
26.68		98254.86		258.76		327
26.68		98250.39		259.14		328
26.67		98251.34		259.06		329
26.67		98258.11		258.48		330
26.68		98250.39		259.14		331
26.68		98254.45		258.79		332
26.68		98254.45		258.79		333
26.68		98261.23		258.22		334
26.68		98255.81		258.68		335
26.67		98255.41		258.71		336
26.68		98253.09		258.91		337
26.68		98254.45		258.79		338
26.67		98249.98		259.18		339
26.68		98254.86		258.76		340
26.68		98253.50		258.88		341
26.68		98253.09		258.91		342
26.67		98249.98		259.18		343
26.67		98252.70		258.94		344
26.68		98256.21		258.64		345
26.68		98254.86		258.76		346
26.68		98257.94		258.50		347
26.68		98253.50		258.88		348
26.68		98255.23		258.76		349
26.68		98253.50		258.64		350
26.68		98255.81		258.68		351
26.68		98253.88		258.84		352
26.68		98254.86		258.76		353
26.68		98251.16		259.07		354
26.68		98254.86		258.76		355
26.68		98253.88		258.84		356
26.69		98258.73		258.43		357
26.68		98251.56		259.04		358
26.69		98253.32		258.89		359
26.69		98254.67		258.78		360
26.68		98248.86		259.27		361
26.69		98250.61		259.12		362
26.69		98254.13		258.82		363
26.69		98256.44		258.62		364
26.69		98250.61		259.12		365
26.68		98254.27		258.81		366
26.69		98250.61		259.12		367
26.69		98250.61		259.12		368
26.69		98255.08		258.74		369
26.69		98254.67		258.78		370
26.68		98250.21		259.16		371
26.68		98258.34		258.46		372
26.68		98259.70		258.35		373
26.69		98255.08		258.74		374
26.69		98251.02		259.09		375
26.69		98252.38		258.97		376
26.68		98258.34		258.46		377
26.68		98258.34		258.46		378
26.68		98255.63		258.69		379
26.69		98263.20		258.05		380
26.69		98256.44		258.62		381
26.68		98255.63		258.69		382
26.69		98256.03		258.66		383
26.69		98253.32		258.89		384
26.68		98254.27		258.81		385
26.68		98252.92		258.92		386
26.69		98253.32		258.89		387
26.68		98254.27		258.81		388
26.69		98259.14		258.39		389
26.69		98250.46		259.13		390
26.69		98251.42		259.05		391
26.69		98257.79		258.51		392
26.69		98249.11		259.25		393
26.69		98254.13		258.82		394
26.69		98256.84		258.59		395
26.69		98252.77		258.94		396
26.69		98256.84		258.59		397
26.69		98252.77		258.94		398
26.69		98256.44		258.62		399
26.69		98249.11		259.25		400
26.69		98253.72		258.86		401
26.69		98256.44		258.62		402
26.69		98254.13		258.82		403
26.69		98256.44		258.62		404
26.69		98255.48		258.71		405
26.69		98248.70		259.28		406
26.69		98246.95		259.43		407
26.69		98252.77		258.94		408
26.69		98251.42		259.05		409
26.69		98251.42		259.05		410
26.69		98252.77		258.94		411
26.69		98254.53		258.79		412
26.69		98250.46		259.13		413
26.70		98252.22		258.98		414
26.70		98249.52		259.21		415
26.70		98253.58		258.87		416
26.70		98249.91		259.18		417
26.70		98258.99		258.41		418
26.69		98254.13		258.82		419
26.70		98252.63		258.95		420
26.69		98257.23		258.56		421
26.70		98248.16		259.33		422
26.69		98251.42		259.05		423
26.69		98253.17		258.90		424
26.69		98253.17		258.90		425
26.69		98249.11		259.25		426
26.69		98257.64		258.52		427
26.70		98249.52		259.10		428
26.70		98255.33		259.10		429
26.69		98254.53		258.90		430
26.70		98257.64		258.52		431
26.70		98253.58		258.87		432
26.70		98254.93		258.75		433
26.69		98250.46		259.13		434
26.69		98250.46		259.13		435
26.69		98254.53		258.79		436
26.69		98250.46		259.13		437
26.69		98247.75		259.37		438
26.70		98255.33		258.72		439
26.70		98254.38		258.80		440
26.70		98251.27		259.07		441
26.70		98248.56		259.30		442
26.70		98252.22		258.98		443
26.70		98254.93		258.75		444
26.70		98256.69		258.60		445
26.70		98253.98		258.83		446
26.70		98255.73		258.68		447
26.70		98250.87		259.10		448
26.70		98253.02		258.92		449
26.70		98252.63		258.95		450
26.70		98251.27		259.07		451
26.70		98251.67		259.03		452
26.71		98256.14		258.65		453
26.71		98253.42		258.88		454
26.70		98250.31		259.15		455
26.71		98252.07		259.00		456
26.71		98249.36		259.23		457
26.71		98255.19		258.73		458
26.71		98250.17		259.16		459
26.71		98249.36		259.23		460
26.71		98255.19		258.73		461
26.71		98255.98		258.66		462
26.71		98251.13		259.08		463
26.71		98254.23		258.81		464
26.71		98251.52		259.04		465
26.71		98252.47		258.96		466
26.71		98250.56		259.13		467
26.71		98248.41		259.31		468
26.71		98251.92		259.01		469
26.71		98253.28		258.89		470
26.71		98251.92		259.01		471
26.71		98254.23		258.81		472
26.71		98254.63		258.78		473
26.72		98255.03		258.74		474
26.71		98250.56		259.13		475
26.71		98250.56		259.13		476
26.72		98250.97		259.09		477
26.71		98253.28		258.89		478
26.71		98255.59		258.70		479
26.71		98251.92		259.01		480
26.71		98251.92		259.01		481
26.72		98252.33		258.98		482
26.71		98251.52		259.04		483
26.71		98248.81		259.28		484
26.71		98251.52		259.04		485
26.72		98256.80		258.59		486
26.72		98253.68		258.86		487
26.72		98255.03		258.74		488
26.72		98252.33		258.98		489
26.72		98254.48		258.79		490
26.72		98245.95		259.52		491
26.72		98250.02		259.17		492
26.72		98261.81		258.17		493
26.72		98255.84		258.68		494
26.72		98252.33		258.98		495
26.72		98250.97		259.09		496
26.72		98250.02		259.17		497
26.72		98250.82		259.10		498
26.72		98253.13		258.91		499
26.72		98250.02		259.17		500
26.72		98246.76		259.45		501
26.72		98252.17		258.99		502
26.72		98254.48		258.79		503
26.72		98250.42		259.14		504
26.73		98254.89		258.76		505
26.72		98249.06		258.64		506
26.73		98251.22		259.10		507
26.72		98254.89		258.99		508
26.72		98250.42		259.14		509
26.72		98255.44		258.71		510
26.72		98258.55		258.44		511
26.72		98255.44		258.71		512
26.72		98253.68		258.86		513
26.72		98252.33		258.98		514
26.72		98252.33		258.98		515
26.71		98249.21		259.24		516
26.72		98250.02		259.17		517
26.72		98249.06		259.25		518
26.72		98255.44		258.71		519
26.72		98250.97		259.09		520
26.72		98255.44		258.71		521
26.72		98251.77		259.02		522
26.72		98249.62		259.21		523
26.72		98251.38		259.06		524
26.72		98252.33		258.98		525
26.72		98255.44		258.71		526
26.72		98246.36		259.48		527
26.72		98254.08		258.83		528
26.72		98250.97		259.09		529
26.72		98254.89		258.76		530
26.72		98245.95		259.52		531
26.72		98249.47		259.22		532
26.72		98250.42		259.14		533
26.72		98255.44		258.71		534
26.72		98251.38		259.06		535
26.72		98257.59		258.53		536
26.72		98251.38		259.06		537
26.72		98257.20		258.56		538
26.72		98249.47		259.22		539
26.72		98247.70		259.37		540
26.73		98255.29		258.72		541
26.72		98254.48		258.79		542
26.73		98252.58		258.95		543
26.72		98260.30		258.29		544
26.72		98251.77		259.02		545
26.72		98248.66		259.29		546
26.72		98252.73		258.94		547
26.72		98252.73		258.94		548
26.72		98249.06		259.25		549
26.72		98248.66		259.29		550
26.72		98250.97		259.09		551
26.72		98251.38		259.06		552
26.72		98253.68		258.86		553
26.72		98251.38		259.06		554
26.72		98250.97		259.09		555
26.72		98252.73		258.94		556
26.72		98256.80		258.59		557
26.72		98250.42		259.14		558
26.72		98254.08		258.83		559
26.72		98250.82		259.10		560
26.72		98251.77		259.02		561
26.72		98250.42		259.14		562
26.72		98255.44		258.71		563
26.72		98256.39		258.63		564
26.72		98252.73		258.94		565
26.72		98254.48		258.79		566
26.72		98251.38		259.06		567
26.72		98250.02		259.17		568
26.72		98253.53		258.87		569
26.72		98249.06		259.25		570
26.72		98251.38		259.06		571
26.72		98251.77		259.02		572
26.72		98253.13		258.91		573
26.72		98250.42		259.14		574
26.73		98252.58		258.95		575
26.73		98258.00		258.49		576
26.72		98250.42		259.14		577
26.72		98249.47		259.22		578
26.73		98249.88		259.18		579
26.73		98255.29		258.72		580
26.72		98252.17		258.99		581
26.72		98252.17		258.99		582
26.72		98246.76		259.45		583
26.72		98253.53		258.87		584
26.72		98254.48		258.79		585
26.72		98250.02		259.17		586
26.72		98253.13		258.91		587
26.72		98248.11		259.30		588
26.73		98251.22		259.22		589
26.72		98250.42		259.14		590
26.72		98249.47		259.22		591
26.73		98252.58		258.95		592
26.72		98252.17		258.99		593
26.72		98252.17		258.99		594
26.72		98249.47		259.22		595
26.72		98250.82		259.10		596
26.72		98253.53		258.87		597
26.73		98248.52		259.30		598
26.73		98252.58		258.95		599
26.73		98248.52		259.30		600
26.72		98248.11		259.33		601
26.72		98254.48		258.79		602
26.72		98252.17		258.99		603
26.73		98251.22		259.07		604
26.73		98252.58		258.95		605
26.72		98250.82		259.10		606
26.73		98247.16		259.42		607
26.72		98253.53		258.87		608
26.73		98252.58		258.95		609
26.73		98253.94		258.84		610
26.73		98253.94		258.84		611
26.73		98252.58		258.95		612
26.73		98254.34		258.80		613
26.73		98249.88		259.18		614
26.73		98252.58		258.95		615
26.73		98250.67		259.12		616
26.73		98247.02		259.43		617
26.74		98250.13		259.16		618
26.73		98249.72		259.20		619
26.73		98251.08		259.08		620
26.73		98253.38		258.88		621
26.73		98252.43		258.97		622
26.73		98255.14		258.73		623
26.73		98256.09		258.65		624
26.73		98254.34		258.80		625
26.73		98253.38		258.88		626
26.73		98249.72		259.20		627
26.74		98251.88		259.01		628
26.74		98258.66		258.43		629
26.74		98252.83		258.93		630
26.73		98255.14		258.73		631
26.74		98255.94		258.67		632
26.74		98254.19		258.82		633
26.74		98256.90		258.58		634
26.73		98252.43		258.97		635
26.74		98247.41		259.39		636
26.74		98255.94		258.67		637
26.74		98251.88		259.01		638
26.74		98256.90		258.58		639
26.73		98253.38		258.88		640
26.74		98254.19		258.82		641
26.74		98255.55		258.70		642
26.74		98253.23		258.90		643
26.74		98258.25		258.47		644
26.74		98251.88		259.01		645
26.73		98253.78		258.85		646
26.73		98256.49		258.62		647
26.74		98249.17		259.24		648
26.74		98252.83		258.93		649
26.74		98255.94		258.67		650
26.74		98254.98		258.75		651
26.74		98251.48		259.05		652
26.74		98250.52		259.13		653
26.74		98250.52		259.13		654
26.74		98248.77		259.28		655
26.74		98250.13		259.16		656
26.73		98253.78		258.85		657
26.74		98248.22		259.33		658
26.74		98252.28		258.98		659
26.74		98252.69		258.94		660
26.74		98251.88		259.01		661
26.74		98252.28		258.98		662
26.74		98249.17		259.24		663
26.74		98253.23		258.90		664
26.74		98254.98		258.75		665
26.74		98249.57		259.21		666
26.74		98253.23		258.90		667
26.74		98250.92		259.06		668
26.74		98254.98		259.16		669
26.74		98252.69		258.71		670
26.74		98250.52		259.13		671
26.74		98250.52		259.13		672
26.74		98253.64		258.86		673
26.74		98249.97		259.18		674
26.74		98249.97		259.18		675
26.75		98255.80		258.68		676
26.74		98252.69		258.94		677
26.75		98257.16		258.56		678
26.75		98251.58		259.04		679
26.75		98253.89		258.84		680
26.75		98248.47		259.30		681
26.75		98249.42		259.22		682
26.75		98252.13		258.99		683
26.75		98252.13		258.99		684
26.75		98245.77		259.53		685
26.75		98248.47		259.30		686
26.75		98255.24		258.73		687
26.75		98257.00		258.58		688
26.75		98254.84		258.76		689
26.75		98247.12		259.42		690
26.75		98248.47		259.30		691
26.75		98255.24		258.73		692
26.75		98252.53		258.96		693
26.75		98251.18		259.07		694
26.75		98248.88		259.27		695
26.75		98252.53		258.96		696
26.75		98252.94		258.92		697
26.75		98248.47		259.30		698
26.76		98250.63		259.12		699
26.75		98257.95		258.49		700
26.75		98251.58		259.04		701
26.76		98253.34		258.89		702
26.76		98253.34		258.89		703
26.76		98252.39		258.97		704
26.75		98254.30		258.81		705
26.76		98254.14		258.82		706
26.76		98249.67		259.20		707
26.76		98257.25		258.55		708
26.76		98247.77		259.36		709
26.76		98255.90		258.67		710
26.76		98250.08		259.17		711
26.76		98250.08		259.17		712
26.76		98252.79		258.94		713
26.76		98255.50		258.70		714
26.76		98251.44		259.05		715
26.76		98251.44		259.05		716
26.76		98251.83		259.02		717
26.76		98249.13		259.25		718
26.76		98251.44		259.05		719
26.77		98249.53		259.21		720
26.76		98251.83		259.02		721
26.76		98246.41		259.48		722
26.76		98255.09		258.74		723
26.76		98255.90		258.67		724
26.76		98251.83		259.02		725
26.76		98249.13		259.25		726
26.77		98256.30		258.64		727
26.77		98246.81		259.45		728
26.77		98253.59		258.87		729
26.76		98248.72		259.28		730
26.77		98249.53		259.21		731
26.77		98251.28		259.06		732
26.76		98252.79		258.94		733
26.76		98251.83		259.02		734
26.76		98250.48		259.13		735
26.77		98252.23		258.98		736
26.77		98249.53		259.21		737
26.77		98247.22		259.41		738
26.77		98254.95		258.75		739
26.76		98251.44		259.05		740
26.77		98250.88		259.10		741
26.76		98249.13		259.25		742
26.76		98251.83		259.02		743
26.76		98245.06		259.60		744
26.76		98253.19		258.90		745
26.77		98256.30		258.64		746
26.76		98250.48		259.13		747
26.76		98246.97		259.40		748
26.76		98254.14		259.17		749
26.76		98247.77		259.25		750
26.77		98252.23		258.98		751
26.77		98248.17		259.33		752
26.76		98249.13		259.25		753
26.77		98254.95		258.75		754
26.77		98252.23		258.98		755
26.76		98257.25		258.55		756
26.76		98250.48		259.13		757
26.76		98254.55		258.79		758
26.76		98247.77		259.36		759
26.76		98254.14		258.82		760
26.77		98257.66		258.52		761
26.77		98251.28		259.06		762
26.77		98253.59		258.87		763
26.76		98253.19		258.90		764
26.76		98247.77		259.36		765
26.77		98252.23		258.98		766
26.77		98251.28		259.06		767
26.76		98250.48		259.13		768
26.76		98249.13		259.25		769
26.76		98250.48		259.13		770
26.77		98250.88		259.10		771
26.77		98256.30		258.64		772
26.77		98249.53		259.21		773
26.77		98255.34		258.72		774
26.77		98249.53		259.21		775
26.77		98256.30		258.64		776
26.76		98249.13		259.25		777
26.77		98248.17		259.33		778
26.77		98248.17		259.33		779
26.77		98251.28		259.06		780
26.77		98250.88		259.10		781
26.77		98247.22		259.41		782
26.77		98253.59		258.87		783
26.77		98248.58		259.30		784
26.77		98250.88		259.10		785
26.77		98246.81		259.45		786
26.76		98253.19		258.90		787
26.77		98250.88		259.10		788
26.77		98249.93		259.18		789
26.77		98248.58		259.30		790
26.77		98248.17		259.33		791
26.77		98254.95		258.75		792
26.77		98250.88		259.10		793
26.77		98250.88		259.10		794
26.77		98246.81		259.45		795
26.77		98249.53		259.21		796
26.77		98253.04		258.91		797
26.77		98249.93		259.18		798
26.77		98248.17		259.33		799
26.76		98246.41		259.48		800
26.77		98250.88		259.10		801
26.77		98255.34		258.72		802
26.77		98251.28		259.06		803
26.77		98249.53		259.21		804
26.77		98252.23		258.98		805
26.77		98248.17		259.33		806
26.76		98252.79		258.94		807
26.76		98253.19		258.90		808
26.76		98251.83		259.02		809
26.76		98254.14		258.82		810
26.76		98251.44		259.05		811
26.77		98250.88		259.10		812
26.76		98251.83		259.02		813
26.76		98245.06		259.60		814
26.76		98250.08		259.17		815
26.76		98253.19		258.90		816
26.76		98253.19		258.90		817
26.76		98252.79		258.94		818
26.76		98251.83		259.02		819
26.76		98251.44		259.05		820
26.76		98246.56		259.47		821
26.76		98246.97		259.43		822
26.76		98255.50		258.70		823
26.76		98254.55		258.79		824
26.77		98249.53		259.25		825
26.76		98248.72		259.36		826
26.76		98250.08		259.20		827
26.76		98250.08		259.17		828
26.76		98253.73		258.85		829
26.76		98254.55		258.79		830
26.76		98249.67		259.20		831
26.76		98247.37		259.40		832
26.76		98252.79		258.94		833
26.76		98246.02		259.51		834
26.76		98250.08		259.17		835
26.76		98247.77		259.36		836
26.76		98255.90		258.67		837
26.77		98248.17		259.33		838
26.76		98255.90		258.67		839
26.77		98254.95		258.75		840
26.76		98256.85		258.59		841
26.76		98250.48		259.13		842
26.77		98253.59		258.87		843
26.76		98253.19		258.90		844
26.77		98250.88		259.10		845
26.76		98253.19		258.90		846
26.76		98250.08		259.17		847
26.76		98250.48		259.13		848
26.76		98255.90		258.67		849
26.77		98252.23		258.98		850
26.76		98247.77		259.36		851
26.77		98253.59		258.87		852
26.77		98252.64		258.95		853
26.77		98251.28		259.06		854
26.76		98253.19		258.90		855
26.77		98252.64		258.95		856
26.77		98250.88		259.10		857
26.77		98250.88		259.10		858
26.77		98250.33		259.15		859
26.77		98246.81		259.45		860
26.77		98248.58		259.30		861
26.77		98249.93		259.18		862
26.77		98249.53		259.21		863
26.77		98245.86		259.53		864
26.77		98247.63		259.38		865
26.77		98250.33		259.15		866
26.77		98244.91		259.61		867
26.77		98254.95		258.75		868
26.77		98251.28		259.06		869
26.77		98248.98		259.26		870
26.77		98250.73		259.11		871
26.77		98250.73		259.11		872
26.77		98247.63		259.38		873
26.78		98249.78		259.19		874
26.77		98248.58		259.30		875
26.77		98253.04		258.91		876
26.78		98252.48		258.96		877
26.77		98246.27		259.49		878
26.77		98248.98		259.26		879
26.77		98243.96		259.69		880
26.77		98248.98		259.26		881
26.78		98253.84		258.85		882
26.78		98249.78		259.19		883
26.77		98254.80		258.76		884
26.77		98246.67		259.46		885
26.77		98249.38		259.23		886
26.77		98256.16		258.65		887
26.78		98246.52		259.47		888
26.78		98249.78		259.19		889
26.78		98244.77		259.62		890
26.78		98253.30		258.89		891
26.78		98249.78		259.19		892
26.78		98254.25		258.81		893
26.78		98250.58		259.12		894
26.78		98250.18		259.16		895
26.78		98250.58		259.12		896
26.78		98250.18		259.16		897
26.78		98250.18		259.16		898
26.78		98248.28		259.32		899
26.78		98246.92		259.44		900
26.78		98250.98		259.20		901
26.79		98251.36		258.86		902
26.78		98245.56		259.55		903
26.78		98250.98		259.09		904
26.78		98254.65		258.78		905
26.78		98245.56		259.55		906
26.79		98245.94		259.52		907
26.79		98253.11		258.91		908
26.79		98249.05		259.25		909
26.79		98249.05		259.25		910
26.79		98246.34		259.49		911
26.79		98249.05		259.25		912
26.78		98249.63		259.20		913
26.79		98246.74		259.45		914
26.79		98249.45		259.22		915
26.79		98249.45		259.22		916
26.79		98252.71		258.94		917
26.79		98244.98		259.60		918
26.79		98248.09		259.34		919
26.79		98251.20		259.07		920
26.79		98244.03		259.68		921
26.79		98248.50		259.30		922
26.79		98250.80		259.10		923
26.79		98249.05		259.25		924
26.80		98252.97		258.92		925
26.79		98249.86		259.19		926
26.79		98248.09		259.34		927
26.79		98249.86		259.19		928
26.79		98249.86		259.19		929
26.80		98247.55		259.38		930
26.80		98247.55		259.38		931
26.79		98247.14		259.42		932
26.79		98248.50		259.30		933
26.80		98247.55		259.38		934
26.80		98247.55		259.38		935
26.79		98245.79		259.53		936
26.80		98251.61		259.04		937
26.80		98250.25		259.15		938
26.79		98249.86		259.19		939
26.80		98246.19		259.50		940
26.80		98248.35		259.31		941
26.80		98249.30		259.23		942
26.80		98249.30		259.23		943
26.80		98247.95		259.35		944
26.80		98245.23		259.58		945
26.80		98249.30		259.23		946
26.80		98251.06		259.08		947
26.80		98247.39		259.40		948
26.80		98242.53		259.81		949
26.80		98252.41		258.97		950
26.80		98246.59		259.46		951
26.80		98255.13		258.74		952
26.80		98252.02		259.00		953
26.80		98247.39		259.40		954
26.80		98247.39		259.40		955
26.80		98247.39		259.40		956
26.80		98243.88		259.70		957
26.80		98244.28		259.66		958
26.80		98250.66		259.12		959
26.80		98249.30		259.23		960
26.80		98246.19		259.50		961
26.80		98252.41		258.97		962
26.80		98249.30		259.23		963
26.80		98245.64		259.55		964
26.80		98248.90		259.27		965
26.80		98249.70		259.20		966
26.80		98247.95		259.35		967
26.80		98248.90		259.27		968
26.80		98254.72		258.77		969
26.80		98244.84		259.61		970
26.80		98247.55		259.38		971
26.80		98246.59		259.46		972
26.80		98251.61		259.04		973
26.80		98250.66		259.12		974
26.80		98252.02		259.00		975
26.80		98247.95		259.35		976
26.79		98247.14		259.10		977
26.79		98244.44		259.07		978
26.80		98250.25		259.15		979
26.80		98247.55		259.38		980
26.79		98249.86		259.19		981
26.79		98247.14		259.42		982
26.80		98254.32		258.80		983
26.79		98245.79		259.53		984
26.80		98248.90		259.27		985
26.79		98249.86		259.19		986
26.79		98249.86		259.19		987
26.79		98249.45		259.22		988
26.79		98249.45		259.22		989
26.79		98249.86		259.19		990
26.79		98249.45		259.22		991
26.79		98254.87		258.76		992
26.79		98251.76		259.02		993
26.79		98250.80		259.10		994
26.79		98249.45		259.22		995
26.79		98249.45		259.22		996
26.79		98250.41		259.14		997
26.79		98247.30		259.40		998
26.79		98252.16		258.99		999
26.79		98248.65		259.29		1000
26.79		98251.76		259.02		1001
26.79		98249.05		259.25		1002
26.79		98251.76		259.02		1003
26.79		98244.98		259.60		1004
26.79		98248.65		259.29		1005
26.78		98250.98		259.09		1006
26.78		98250.98		259.09		1007
26.78		98247.47		259.39		1008
26.78		98247.47		259.39		1009
26.78		98250.18		259.16		1010
26.78		98248.28		259.32		1011
26.79		98247.69		259.37		1012
26.78		98253.70		258.86		1013
26.79		98247.30		259.40		1014
26.79		98246.34		259.49		1015
26.79		98251.36		259.06		1016
26.79		98250.00		259.17		1017
26.79		98250.41		259.14		1018
26.79		98251.36		259.06		1019
26.78		98250.98		259.09		1020
26.78		98249.63		259.20		1021
26.79		98255.42		258.71		1022
26.79		98253.11		258.91		1023
26.78		98248.28		259.32		1024
26.79		98247.30		259.40		1025
26.79		98244.58		259.64		1026
26.79		98248.65		259.29		1027
26.79		98246.34		259.49		1028
26.78		98249.63		259.20		1029
26.79		98245.94		259.52		1030
26.79		98244.58		259.64		1031
26.79		98248.65		259.29		1032
26.78		98252.34		258.97		1033
26.79		98247.30		259.40		1034
26.79		98247.30		259.40		1035
26.79		98250.41		259.14		1036
26.78		98250.98		259.09		1037
26.79		98245.94		259.52		1038
26.78		98249.63		259.20		1039
26.78		98252.34		258.97		1040
26.79		98248.65		259.29		1041
26.78		98248.28		259.32		1042
26.79		98251.36		259.06		1043
26.79		98252.71		258.94		1044
26.78		98252.34		258.97		1045
26.79		98248.65		259.29		1046
26.79		98253.11		258.91		1047
26.79		98246.34		259.49		1048
26.79		98245.94		259.52		1049
26.79		98245.56		259.55		1050
26.79		98248.09		259.40		1051
26.79		98251.36		259.49		1052
26.79		98251.36		259.75		1053
26.79		98251.76		259.02		1054
26.79		98252.16		258.99		1055
26.79		98249.45		259.22		1056
26.79		98250.41		259.14		1057
26.79		98247.30		259.40		1058
26.79		98246.74		259.45		1059
26.79		98250.80		259.10		1060
26.79		98251.76		259.02		1061
26.79		98252.56		258.95		1062
26.79		98253.92		258.84		1063
26.79		98253.92		258.84		1064
26.79		98253.92		258.84		1065
26.79		98249.45		259.22		1066
26.79		98247.14		259.42		1067
26.79		98247.14		259.42		1068
26.79		98250.80		259.10		1069
26.80		98246.19		259.50		1070
26.79		98252.56		258.95		1071
26.79		98249.86		259.19		1072
26.80		98248.90		259.27		1073
26.79		98250.80		259.10		1074
26.79		98250.80		259.10		1075
26.79		98246.74		259.45		1076
26.79		98247.14		259.42		1077
26.80		98252.97		258.92		1078
26.79		98249.86		259.19		1079
26.80		98247.95		259.35		1080
26.80		98250.25		259.15		1081
26.80		98244.84		259.61		1082
26.80		98247.55		259.38		1083
26.80		98251.06		259.08		1084
26.80		98247.95		259.35		1085
26.80		98246.59		259.46		1086
26.80		98252.41		258.97		1087
26.81		98253.62		258.86		1088
26.80		98252.02		259.00		1089
26.80		98251.46		259.05		1090
26.81		98251.86		259.01		1091
26.80		98252.02		259.00		1092
26.81		98249.16		259.25		1093
26.80		98250.11		259.16		1094
26.80		98247.39		259.40		1095
26.80		98253.36		258.89		1096
26.80		98250.66		259.12		1097
26.80		98251.46		259.05		1098
26.80		98248.75		259.28		1099
26.80		98248.35		259.31		1100
26.81		98247.80		259.36		1101
26.81		98252.27		258.98		1102
26.80		98251.46		259.05		1103
26.81		98248.60		259.29		1104
26.81		98253.62		258.86		1105
26.81		98250.51		259.13		1106
26.81		98249.16		259.25		1107
26.81		98251.31		259.06		1108
26.81		98256.33		258.63		1109
26.81		98247.80		259.36		1110
26.81		98251.86		259.01		1111
26.81		98250.91		259.10		1112
26.81		98247.80		259.36		1113
26.81		98244.14		259.67		1114
26.81		98251.86		259.01		1115
26.81		98248.60		259.29		1116
26.81		98245.09		259.59		1117
26.81		98249.55		259.21		1118
26.81		98250.91		259.10		1119
26.81		98246.84		259.44		1120
26.81		98251.31		259.06		1121
26.81		98249.95		259.18		1122
26.81		98249.00		259.26		1123
26.81		98250.91		259.06		1124
26.81		98251.31		258.83		1125
26.81		98254.42		258.91		1126
26.81		98254.02		258.83		1127
26.81		98251.31		259.06		1128
26.81		98258.09		258.48		1129
26.81		98253.62		258.86		1130
26.81		98254.02		258.83		1131
26.81		98253.06		258.91		1132
26.81		98255.78		258.68		1133
26.81		98251.71		259.03		1134
26.81		98251.31		259.06		1135
26.82		98246.70		259.46		1136
26.82		98249.41		259.22		1137
26.81		98249.00		259.26		1138
26.81		98247.65		259.37		1139
26.81		98248.60		259.29		1140
26.81		98251.71		259.03		1141
26.82		98250.77		259.11		1142
26.81		98251.71		259.03		1143
26.81		98254.42		258.80		1144
26.81		98250.36		259.14		1145
26.82		98250.77		259.11		1146
26.82		98252.12		258.99		1147
26.82		98251.16		259.07		1148
26.82		98252.12		258.99		1149
26.82		98245.34		259.57		1150
26.81		98254.42		258.80		1151
26.82		98256.18		258.65		1152
26.81		98255.78		258.68		1153
26.81		98253.06		258.91		1154
26.82		98249.41		259.22		1155
26.82		98254.83		258.76		1156
26.82		98249.41		259.22		1157
26.82		98252.52		258.96		1158
26.82		98252.52		258.96		1159
26.81		98253.06		258.91		1160
26.81		98250.36		259.14		1161
26.82		98253.47		258.88		1162
26.82		98250.77		259.11		1163
26.82		98248.05		259.34		1164
26.82		98254.83		258.76		1165
26.81		98251.71		259.03		1166
26.81		98251.71		259.03		1167
26.81		98249.95		259.18		1168
26.81		98257.13		258.56		1169
26.81		98253.06		258.91		1170
26.81		98248.20		259.33		1171
26.81		98249.16		259.25		1172
26.81		98249.00		259.26		1173
26.81		98249.00		259.26		1174
26.81		98253.62		258.86		1175
26.81		98249.95		259.18		1176
26.81		98254.02		258.83		1177
26.81		98251.86		259.01		1178
26.81		98253.62		258.86		1179
26.81		98249.95		259.18		1180
26.81		98255.78		258.68		1181
26.81		98249.55		259.21		1182
26.81		98251.31		259.06		1183
26.81		98254.02		258.83		1184
26.81		98246.84		259.44		1185
26.81		98249.95		259.18		1186
26.81		98246.84		259.44		1187
26.81		98249.00		259.26		1188
26.81		98251.71		259.03		1189
26.81		98251.71		259.03		1190
26.81		98248.60		259.29		1191
26.81		98253.06		258.91		1192
26.81		98245.89		259.52		1193
26.81		98249.00		259.26		1194
26.81		98251.71		259.03		1195
26.81		98249.95		259.18		1196
26.81		98251.31		259.06		1197
26.81		98248.20		259.29		1198
26.81		98254.58		259.10		1199
26.81		98252.27		259.10		1200
26.81		98254.97		258.75		1201
26.81		98252.27		258.98		1202
26.81		98252.67		258.95		1203
26.81		98249.16		259.25		1204
26.81		98247.80		259.36		1205
26.80		98247.39		259.40		1206
26.81		98251.86		259.01		1207
26.81		98248.20		259.33		1208
26.81		98247.80		259.36		1209
26.81		98259.99		258.32		1210
26.81		98250.51		259.13		1211
26.81		98249.16		259.25		1212
26.81		98247.80		259.36		1213
26.81		98255.38		258.71		1214
26.81		98251.86		259.01		1215
26.81		98253.22		258.90		1216
26.81		98250.51		259.13		1217
26.81		98249.16		259.25		1218
26.81		98250.51		259.13		1219
26.81		98249.95		259.18		1220
26.81		98251.86		259.01		1221
26.81		98251.86		259.01		1222
26.81		98256.73		258.60		1223
26.81		98249.95		259.18		1224
26.81		98248.20		259.33		1225
26.81		98249.95		259.18		1226
26.81		98250.51		259.13		1227
26.81		98253.06		258.91		1228
26.81		98247.25		259.41		1229
26.81		98252.27		258.98		1230
26.81		98252.27		258.98		1231
26.81		98251.31		259.06		1232
26.80		98246.04		259.51		1233
26.80		98246.04		259.51		1234
26.81		98249.16		259.25		1235
26.81		98251.86		259.01		1236
26.81		98244.14		259.67		1237
26.81		98249.55		259.21		1238
26.81		98253.62		258.86		1239
26.81		98246.84		259.44		1240
26.81		98246.44		259.48		1241
26.81		98250.91		259.10		1242
26.81		98250.91		259.10		1243
26.80		98254.17		258.82		1244
26.81		98249.55		259.21		1245
26.81		98249.55		259.21		1246
26.81		98249.55		259.21		1247
26.81		98245.49		259.56		1248
26.80		98251.46		259.05		1249
26.80		98252.81		258.93		1250
26.81		98252.27		258.98		1251
26.81		98249.55		259.21		1252
26.81		98248.60		259.29		1253
26.81		98249.55		259.21		1254
26.81		98252.27		258.98		1255
26.81		98249.16		259.25		1256
26.80		98251.46		259.05		1257
26.81		98255.93		258.67		1258
26.80		98252.81		258.93		1259
26.81		98252.67		258.95		1260
26.81		98250.91		259.10		1261
26.81		98247.25		259.41		1262
26.81		98254.97		258.75		1263
26.81		98254.58		258.78		1264
26.81		98249.16		259.25		1265
26.80		98250.11		259.16		1266
26.80		98255.53		258.70		1267
26.81		98254.58		258.78		1268
26.81		98249.16		259.25		1269
26.81		98253.62		258.86		1270
26.81		98249.55		259.21		1271
26.81		98250.51		259.13		1272
26.80		98252.81		258.93		1273
26.81		98253.22		258.90		1274
26.81		98254.58		258.78		1275
26.81		98250.91		258.78		1276
26.81		98249.16		259.13		1277
26.80		98250.11		259.16		1278
26.80		98250.11		259.16		1279
26.81		98251.86		259.01		1280
26.81		98250.91		259.10		1281
26.80		98250.11		259.16		1282
26.81		98253.62		258.86		1283
26.80		98247.39		259.40		1284
26.81		98245.89		259.52		1285
26.80		98247.00		259.43		1286
26.80		98248.75		259.28		1287
26.81		98247.80		259.36		1288
26.81		98251.86		259.01		1289
26.80		98251.46		259.05		1290
26.81		98250.51		259.13		1291
26.81		98250.51		259.13		1292
26.81		98259.04		258.40		1293
26.81		98252.27		258.98		1294
26.81		98250.51		259.13		1295
26.81		98252.27		258.98		1296
26.81		98251.86		259.01		1297
26.80		98252.81		258.93		1298
26.81		98251.31		259.06		1299
26.81		98250.91		259.10		1300
26.81		98250.91		259.10		1301
26.81		98255.38		258.71		1302
26.81		98252.27		258.98		1303
26.81		98258.09		258.48		1304
26.81		98250.91		259.10		1305
26.81		98249.00		259.26		1306
26.81		98247.65		259.37		1307
26.81		98254.58		258.78		1308
26.81		98252.27		258.98		1309
26.81		98251.31		259.06		1310
26.81		98250.36		259.14		1311
26.81		98252.27		258.98		1312
26.81		98250.51		259.13		1313
26.81		98256.73		258.60		1314
26.81		98250.91		259.10		1315
26.81		98253.62		258.86		1316
26.81		98250.91		259.10		1317
26.81		98250.91		259.10		1318
26.81		98252.27		258.98		1319
26.81		98253.22		258.90		1320
26.81		98254.97		258.75		1321
26.81		98250.51		259.13		1322
26.81		98255.93		258.67		1323
26.80		98252.81		258.93		1324
26.80		98248.35		259.31		1325
26.80		98247.39		259.40		1326
26.80		98250.11		259.16		1327
26.80		98250.11		259.16		1328
26.81		98255.93		258.67		1329
26.80		98252.81		258.93		1330
26.81		98251.86		259.01		1331
26.80		98254.17		258.82		1332
26.81		98254.58		258.78		1333
26.81		98255.93		258.67		1334
26.80		98254.72		258.77		1335
26.81		98257.28		258.55		1336
26.81		98247.80		259.36		1337
26.81		98253.22		258.90		1338
26.81		98253.22		258.90		1339
26.81		98257.69		258.52		1340
26.81		98254.02		258.83		1341
26.81		98249.55		259.21		1342
26.81		98254.42		258.80		1343
26.81		98254.97		258.75		1344
26.81		98250.36		259.14		1345
26.81		98255.38		258.71		1346
26.81		98252.67		258.95		1347
26.81		98248.20		259.33		1348
26.81		98251.31		259.13		1349
26.81		98256.73		258.83		1350
26.81		98250.91		258.98		1351
26.81		98256.33		258.63		1352
26.82		98253.47		258.88		1353
26.81		98251.71		259.03		1354
26.82		98252.52		258.96		1355
26.81		98251.71		259.03		1356
26.81		98252.67		258.95		1357
26.81		98250.36		259.14		1358
26.81		98250.36		259.14		1359
26.81		98253.06		258.91		1360
26.81		98252.67		258.95		1361
26.81		98253.62		258.86		1362
26.81		98256.73		258.60		1363
26.81		98257.28		258.55		1364
26.81		98249.95		259.18		1365
26.81		98254.42		258.80		1366
26.81		98251.86		259.01		1367
26.81		98255.38		258.71		1368
26.81		98251.71		259.03		1369
26.81		98251.31		259.06		1370
26.81		98256.73		258.60		1371
26.81		98255.38		258.71		1372
26.81		98254.02		258.83		1373
26.81		98252.27		258.98		1374
26.81		98255.93		258.67		1375
26.81		98251.31		259.06		1376
26.81		98255.78		258.68		1377
26.81		98250.91		259.10		1378
26.81		98252.27		258.98		1379
26.81		98252.67		258.95		1380
26.81		98255.38		258.71		1381
26.81		98254.42		258.80		1382
26.81		98256.33		258.63		1383
26.81		98255.38		258.71		1384
26.81		98254.97		258.75		1385
26.81		98254.97		258.75		1386
26.81		98254.97		258.75		1387
26.81		98254.02		258.83		1388
26.81		98249.95		259.18		1389
26.81		98255.38		258.71		1390
26.81		98252.27		258.98		1391
26.81		98253.06		258.91		1392
26.81		98252.27		258.98		1393
26.81		98249.95		259.18		1394
26.81		98255.78		258.68		1395
26.81		98252.27		258.98		1396
26.81		98251.31		259.06		1397
26.82		98253.47		258.88		1398
26.82		98258.89		258.41		1399
26.82		98254.83		258.76		1400
26.82		98251.16		259.07		1401
26.82		98257.53		258.53		1402
26.82		98254.83		258.76		1403
26.81		98249.00		259.26		1404
26.82		98254.83		258.76		1405
26.82		98255.23		258.73		1406
26.82		98253.88		258.84		1407
26.81		98251.71		259.03		1408
26.82		98248.05		259.34		1409
26.82		98257.53		258.53		1410
26.82		98258.34		258.46		1411
26.82		98255.23		258.73		1412
26.82		98257.94		258.50		1413
26.82		98253.47		258.88		1414
26.82		98248.86		259.27		1415
26.82		98255.63		258.69		1416
26.82		98253.32		258.89		1417
26.83		98255.08		258.74		1418
26.82		98251.16		259.07		1419
26.82		98248.45		259.31		1420
26.82		98249.81		259.19		1421
26.82		98255.63		258.69		1422
26.82		98252.52		258.96		1423
26.82		98254.27		258.78		1424
26.82		98251.56		258.81		1425
26.82		98252.92		258.97		1426
26.83		98252.38		258.97		1427
26.82		98251.56		259.04		1428
26.83		98253.72		258.86		1429
26.82		98256.03		258.66		1430
26.82		98257.39		258.54		1431
26.82		98254.67		258.78		1432
26.82		98251.56		259.04		1433
26.82		98257.39		258.54		1434
26.82		98255.63		258.69		1435
26.82		98251.97		259.01		1436
26.82		98253.32		258.89		1437
26.82		98252.52		258.96		1438
26.82		98256.98		258.58		1439
26.82		98256.03		258.66		1440
26.82		98256.98		258.58		1441
26.83		98252.38		258.97		1442
26.82		98254.67		258.78		1443
26.82		98255.63		258.69		1444
26.82		98256.03		258.66		1445
26.82		98250.61		259.12		1446
26.83		98253.72		258.86		1447
26.82		98257.39		258.54		1448
26.82		98251.97		259.01		1449
26.82		98252.92		258.92		1450
26.82		98256.03		258.66		1451
26.83		98252.38		258.97		1452
26.83		98255.08		258.74		1453
26.82		98254.67		258.78		1454
26.82		98256.98		258.58		1455
26.82		98261.45		258.20		1456
26.82		98252.52		258.96		1457
26.82		98251.97		259.01		1458
26.82		98251.97		259.01		1459
26.82		98254.67		258.78		1460
26.82		98254.67		258.78		1461
26.82		98256.03		258.66		1462
26.82		98254.27		258.81		1463
26.82		98257.39		258.54		1464
26.83		98257.79		258.51		1465
26.82		98256.98		258.58		1466
26.82		98255.23		258.73		1467
26.82		98255.23		258.73		1468
26.82		98253.88		258.84		1469
26.82		98258.74		258.43		1470
26.82		98250.20		259.16		1471
26.82		98251.56		259.04		1472
26.82		98253.47		258.88		1473
26.82		98258.34		258.46		1474
26.82		98253.32		258.89		1475
26.82		98257.39		258.54		1476
26.82		98254.67		258.78		1477
26.82		98258.34		258.46		1478
26.82		98256.03		258.66		1479
26.82		98257.39		258.54		1480
26.82		98254.27		258.81		1481
26.82		98259.70		258.35		1482
26.82		98255.63		258.69		1483
26.82		98253.88		258.84		1484
26.82		98256.98		258.58		1485
26.82		98255.63		258.69		1486
26.82		98257.39		258.54		1487
26.82		98255.63		258.69		1488
26.82		98256.03		258.66		1489
26.82		98255.63		258.69		1490
26.82		98256.58		258.61		1491
26.82		98255.63		258.69		1492
26.82		98259.70		258.35		1493
26.82		98256.58		258.61		1494
26.82		98253.88		258.84		1495
26.82		98255.23		258.73		1496
26.82		98253.47		258.88		1497
26.82		98253.47		258.88		1498
26.82		98259.30		258.38		1499
26.82		98264.31		257.95		1500
26.82		98254.83		258.76		1501
26.82		98256.58		259.16		1502
26.82		98255.23		258.61		1503
26.82		98259.70		258.35		1504
26.82		98260.64		258.27		1505
26.82		98254.83		258.76		1506
26.82		98257.94		258.50		1507
26.82		98249.81		259.19		1508
26.82		98252.52		258.96		1509
26.82		98256.58		258.61		1510
26.82		98256.98		258.58		1511
26.82		98252.92		258.92		1512
26.82		98256.03		258.66		1513
26.82		98259.70		258.35		1514
26.82		98259.70		258.35		1515
26.82		98260.09		258.31		1516
26.82		98256.18		258.65		1517
26.82		98253.32		258.89		1518
26.82		98257.39		258.54		1519
26.82		98256.58		258.61		1520
26.82		98259.70		258.35		1521
26.83		98260.50		258.28		1522
26.83		98255.08		258.74		1523
26.82		98260.09		258.31		1524
26.83		98256.44		258.62		1525
26.82		98260.64		258.27		1526
26.82		98254.27		258.81		1527
