061318011028	32715	26540	21158	21639
082918010321	33077	26366	22046	20774
102617010931	13410	26269	21570	21878
651081167785 24.45	97754.88	301.52
667769000000   23.87	97452.77	44.85	327.44
650000000000	   154	   356	 17239
710000000000	   294	  -533	  -375
770000000000	  2629	 -1641	 -3251
061318011028	32717	26540	21158	21642
082918010321	33076	26366	22054	20777
102617010931	13410	26269	21570	21880
651081167785 24.46	97764.52	300.69
667769   23.87	97449.67	44.88	327.70
65	   187	   467	 17099
71	   285	  -529	  -462
77	  2626	 -1629	 -3346