061318011028	32711	26452	21726	2700
082918010321	33168	26279	22666	2596
102617010931	13488	26208	22094	2733
651081167785 23.93	98893.95	204.36
667769   23.08	98592.00	46.63	229.91
65	   318	   510	 17151
71	   400	  -644	  -416
77	  2602	 -1584	 -3263
061318011028	32699	26456	21738	2703
082918010321	33169	26279	22674	2598
102617010931	13488	26208	22110	2736
651081167785 23.94	98895.83	204.20
667769   23.09	98590.12	46.69	230.19
65	   236	   440	 17143
71	   320	  -679	  -617
77	  2616	 -1587	 -3250