061318011028	32711	26452	21726	2700
082918010321	33168	26279	22666	2596
102617010931	13488	26208	22094	2733
651081167785 23.93	98893.95	204.36
667769   23.08	98592.00	46.63	229.91
65	   318	   510	 17151
71	   400	  -644	  -416
77	  2602	 -1584	 -3263
061318011028	32699	26456	21738	2703
082918010321	33169	26279	22674	2598
102617010931	13488	26208	22110	2736
651081167785 23.94	98895.83	204.20
667769   23.09	98590.12	46.69	230.19
65	   236	   440	 17143
71	   320	  -679	  -617
77	  2616	 -1587	 -3250
061318011028	32703	26448	21738	2706
082918010321	33169	26279	22674	2601
102617010931	13488	26208	22110	2738
651081167785 23.95	98896.85	204.11
667769   23.08	98592.41	46.78	229.99
65	   273	   437	 17158
71	   335	  -477	  -455
77	  2634	 -1581	 -3220
061318011028	32704	26444	21734	2709
082918010321	33168	26279	22658	2604
102617010931	13487	26207	22098	2741
651081167785 23.94	98895.16	204.26
667769   23.09	98590.12	46.78	230.19
65	   484	   373	 16995
71	   287	  -473	  -652
77	  2624	 -1574	 -3232
061318011028	32702	26448	21722	2711
082918010321	33167	26279	22666	2606
102617010931	13487	26207	22110	2744
651081167785 23.95	98895.41	204.24
667769   23.08	98586.20	46.78	230.52
65	   327	   491	 17206
71	   365	  -302	  -377
77	  2576	 -1598	 -3205
061318011028	32704	26440	21730	2714
082918010321	33167	26278	22658	2609
102617010931	13487	26207	22106	2747
651081167785 23.95	98896.78	204.12
667769   23.08	98595.10	46.66	229.76
65	   214	   362	 16900
71	   383	  -487	  -686
77	  2602	 -1595	 -3246
061318011028	32707	26440	21734	2717
082918010321	33167	26278	22674	2611
102617010931	13487	26207	22110	2749
651081167785 23.99	98893.02	204.44
667769   23.08	98585.27	46.50	230.60
65	    37	   450	 17275
71	   365	  -526	  -480
77	  2616	 -1612	 -3283
061318011028	32704	26448	21742	2720
082918010321	33166	26278	22674	2614
102617010931	13487	26207	22110	2752
651081167785 23.96	98896.95	204.11
667769   23.07	98589.44	46.48	230.24
65	   263	   455	 17014
71	   296	  -478	  -388
77	  2616	 -1604	 -3161
061318011028	32698	26444	21730	2722
082918010321	33166	26278	22682	2617
102617010931	13486	26207	22110	2755
651081167785 23.95	98894.83	204.29
667769   23.08	98587.55	46.56	230.40
65	   224	   448	 17221
71	   304	  -557	  -688
77	  2611	 -1579	 -3175
061318011028	32699	26444	21734	2725
082918010321	33166	26278	22678	2619
102617010931	13486	26207	22106	2758
651081167785 23.96	98894.92	204.28
667769   23.08	98588.50	46.65	230.32
65	   234	   384	 17087
71	   211	  -514	  -744
77	  2613	 -1557	 -3192
061318011028	32695	26444	21742	2728
082918010321	33165	26278	22674	2622
102617010931	13486	26207	22118	2761
651081167785 23.96	98892.12	204.52
667769   23.08	98585.80	46.75	230.55
65	   483	   480	 17036
71	   219	  -466	  -506
77	  2609	 -1609	 -3191
061318011028	32704	26448	21730	2730
082918010321	33165	26278	22682	2625
102617010931	13486	26207	22114	2763
651081167785 23.95	98894.68	204.30
667769   23.06	98589.58	46.77	230.23
65	   237	   435	 17357
71	   226	  -612	  -638
77	  2644	 -1606	 -3237
061318011028	32716	26448	21746	2733
082918010321	33163	26278	22678	2627
102617010931	13486	26206	22118	2766
651081167785 23.94	98900.93	203.77
667769   23.07	98589.98	46.76	230.20
65	   314	   484	 16919
71	   480	  -676	  -520
77	  2642	 -1592	 -3247
061318011028	32716	26452	21738	2736
082918010321	33161	26277	22678	2630
102617010931	13486	26206	22118	2769
651081167785 23.93	98898.41	203.98
667769   23.06	98590.11	46.83	230.19
65	   368	   420	 17143
71	   316	  -603	  -686
77	  2620	 -1566	 -3262
061318011028	32704	26448	21726	2739
082918010321	33158	26277	22670	2632
102617010931	13486	26206	22114	2772
651081167785 23.96	98891.41	204.58
667769   23.05	98589.30	46.82	230.26
65	   272	   308	 17155
71	   257	  -558	  -634
77	  2580	 -1588	 -3227
061318011028	32689	26448	21722	2741
082918010321	33157	26277	22670	2635
102617010931	13486	26206	22114	2774
651081167785 23.93	98902.86	203.60
667769   23.06	98593.75	46.84	229.88
65	   300	   540	 16951
71	   365	  -577	  -766
77	  2582	 -1571	 -3227
061318011028	32712	26436	21718	2744
082918010321	33156	26277	22670	2638
102617010931	13485	26205	22102	2777
651081167785 23.94	98896.63	204.13
667769   23.06	98590.52	46.81	229.81
65	   270	   452	 16960
71	   296	  -535	  -504
77	  2615	 -1563	 -3215
061318011028	32714	26436	21722	2747
082918010321	33156	26276	22678	2640
102617010931	13485	26205	22122	2780
651081167785 23.96	98900.76	203.78
667769   23.05	98587.95	46.68	230.37
65	   202	   374	 17151
71	   226	  -498	  -397
77	  2624	 -1554	 -3214
061318011028	32692	26444	21726	2750
082918010321	33157	26276	22670	2643
102617010931	13485	26205	22130	2783
651081167785 23.99	98899.91	203.85
667769   23.05	98590.64	46.67	230.14
65	   222	   452	 17060
71	   451	  -550	  -579
77	  2615	 -1585	 -3245
061318011028	32701	26436	21738	2752
082918010321	33158	26276	22682	2646
102617010931	13485	26204	22126	2785
651081167785 24.00	98905.79	203.36
667769   23.05	98591.99	46.65	230.03
65	   256	   424	 17103
71	   380	  -553	  -494
77	  2614	 -1556	 -3161